-1.613659274075424088e-01
-2.376079210091011973e+00
5.477158071600372047e-01
-1.178286393332483195e+00
1.237652651449689056e+00
1.356633076097052415e-02
3.485741144554035831e+00
-2.026510936103981475e+00
-2.010001441061768368e+00
9.951980663747658218e-01
1.011429148749229068e+00
-4.800168017303421131e-01
2.037147562159937308e+00
-4.321213243747590305e-01
-5.080759112132486877e-01
3.594585976204859534e+00
-1.604568478437055745e+00
-1.751178378880971387e+00
-9.674658937317773821e-01
6.556733419051888889e-01
-8.178587168916087169e-01
-5.088616304493316367e-01
1.771756823102959011e+00
2.804822071092061719e+00
-1.043403989397232223e+00
-1.180229382396379645e+00
1.301850467907135211e-01
-2.627035517175908108e+00
3.384562023450990997e-01
-1.157485124165758439e+00
-5.570831118826158335e-01
4.210934761048534813e-01
2.377827155794586034e+00
-2.097705090726920574e+00
-1.279467414163848016e+00
-4.981508019539166443e-01
3.215651080116967098e+00
-1.616124550374051116e+00
2.416669183270030885e+00
2.096588335516394341e+00
4.953083262948055676e+00
8.368895307089567748e-01
1.979052145865304979e+00
9.146530942542425713e-01
-4.456654170139286997e-01
-2.375550446059129239e+00
2.322934259285114766e+00
9.185977232021365069e-01
1.502572835486416070e+00
4.794542298097512756e+00
-5.870433151007341532e-01
1.568530018024334227e+00
6.169267847114345837e-01
3.757833120866592935e+00
4.205933178118193005e-01
1.556359265161796568e+00
5.912685531933552507e-01
2.019373705672685704e-01
-2.302796429564631264e+00
1.309107880439172256e+00
3.081325718498082900e+00
3.049660002992058416e+00
7.892369225378679243e-01
1.528807749854814491e+00
-1.531454614689211624e+00
-2.420969995843995637e-01
2.197626840547609373e+00
8.236064905344236964e-01
5.418785816214910511e-01
3.730391022312538052e-01
1.063699081361275223e+00
-1.300514748818381250e+00
-9.244510197918196504e-01
3.341728519175821699e+00
1.046280817383895556e-01
-2.733751558326618092e+00
2.351613467744710029e+00
1.871433107015889830e+00
-6.967062519732606374e-01
6.491444596292503255e-02
1.340128428241281477e-01
-1.142020443135866870e-01
5.732148773356436910e-01
-6.431246089447407721e-01
1.844204763481176679e+00
-6.231903008170647240e-02
-2.810144562191793316e+00
2.764546769417173255e+00
3.980945271436601707e-01
8.524290894306585376e-01
-1.844875021094912748e+00
-6.347841679509851343e-01
1.107207536213734134e+00
1.324790534271546028e+00
-2.006454978784063536e-01
8.440163284090523854e-01
-2.107121303929889944e+00
1.981331079332886214e+00
-1.495799387696040483e+00
-1.492614720678177465e+00
2.504821370063562647e+00
2.639796697925401059e+00
-2.269084593671735650e+00
-9.540805555505217639e-03
-6.716820694748054654e-01
-1.423153409887476295e+00
1.181873235421147639e+00
-1.085234953146951620e+00
2.253709524548369370e+00
1.249160021807218746e+00
-2.208900955470715632e-01
-1.877871072389801554e+00
-5.178149616577747416e+00
2.872689889208566605e+00
-1.876854112633988159e+00
-2.379222974920751910e-01
2.657737054668896981e+00
8.400677911249543328e-01
6.808677192440855119e-01
-5.277971742654672838e+00
1.916837053411050151e+00
-1.684965664273742725e+00
-9.809838073694898686e-01
-8.177623753513094118e-02
2.701893615305144269e+00
2.548729486621827078e+00
2.660747735445260220e-01
-1.265388236566466151e+00
-1.560504377330999892e+00
-1.005530196841910584e+00
9.083830527101568464e-01
-5.941616588587725900e-01
-1.439266145904131378e+00
1.320379555326016918e+00
1.473481961938856388e+00
6.651725310757486964e-01
9.541136955434332823e-01
2.863158564572146680e+00
-1.007280901635325465e+00
8.661284725373903370e-01
7.155399030897166002e-01
1.155822823787082232e+00
1.927472901754623269e-01
-1.109125285119009652e+00
7.919414353207624435e-01
1.127757402791583541e+00
1.520844469570715951e+00
-4.875037874656849568e-01
-1.955487432550624849e+00
1.802803965332958613e+00
-1.348144582776299671e+00
1.326960658523775871e+00
3.851931786865610552e-01
9.231978115740024915e-01
-7.093280484960762244e-01
9.715493526713590011e-01
2.245180317350524923e+00
-2.566022821765744144e+00
-4.110898609522562475e-01
-1.810394844102991341e+00
7.279593258867095296e-03
8.561401581206378175e-01
-1.284448229596401925e+00
7.852944281896374612e-01
-2.164552076378746470e+00
-1.620953724568111820e+00
-2.145913112275056100e+00
-3.428138410458270169e-01
2.791126976072866750e+00
-1.281512949732081408e+00
-1.135540092556213132e+00
8.691821934302541575e-01
2.906337412729589342e-01
1.737121688228455252e+00
7.768268022143647311e-01
3.324831292706168506e-01
-2.402231068451444462e-01
-1.051663559134616843e+00
-1.282495084670437935e+00
-2.255598171343935920e+00
5.248161003194423690e-02
2.245081051211273993e-01
4.187815397151473107e+00
2.500260696237794900e+00
-6.958998773664188953e-01
3.624198408637695490e-01
1.544945436941163486e+00
4.139629642696179279e-01
-7.190682228474820636e-01
5.085421649188501814e-01
4.591403770909557203e+00
3.008424315897342272e+00
-4.940158391345627065e-01
2.835698694066423720e+00
1.784752482061297663e+00
-2.969683224288647061e+00
-9.069987099195511160e-01
2.177034740590418765e-02
1.992808640978631640e-01
6.254496366646320027e+00
-2.325275275075098680e+00
-3.824749573534673708e-01
1.568987195103975774e-01
3.041625709250857845e+00
-1.743021648138137092e+00
1.735316840418513751e+00
1.389249833804165668e+00
2.520130978311749814e+00
1.842771483664325194e+00
-9.929502481853111906e-01
2.693456995434673651e+00
-2.650611229497436661e+00
1.314824254955769822e-01
5.403598902215969169e-01
-1.160709538352468206e-01
-1.504503381009711482e+00
1.092952273251926343e+00
2.003809038411344279e+00
-2.175130676277525765e+00
8.583841159126369691e-01
-1.864094932800919091e+00
1.137873555635173783e-01
3.510277371271310898e-01
-8.211090764096912187e-01
4.036457524037737610e-01
-1.922876448657003579e+00
3.014770378431399500e+00
3.551656053491739073e-02
-2.289414464368072721e+00
2.210896095888549961e+00
-3.214447950605412885e+00
1.726449316131569489e+00
1.554299537731117065e+00
-7.844000548454599375e-01
3.018330562371293269e+00
-1.008849802191938982e+00
9.937532912763108461e-02
5.527885013872466669e-01
1.271733642210589155e+00
-1.577781195862788755e+00
7.929496417495396354e-01
-1.936316174246207056e-01
1.552021463752443431e+00
-1.701080145099427288e+00
1.169888227325383667e+00
4.325576073217729522e-02
-1.715802597988085321e+00
-2.751039246196870902e+00
6.741663093865557954e+00
-2.335566724937462979e+00
-6.151104851098101456e-01
-1.715326093246147598e+00
1.678594212079550507e-01
3.310226438675939242e+00
-1.395495627980620768e+00
1.913595758446643647e+00
1.530715786544400103e+00
1.086920293539992199e+00
-5.680209039155619255e-01
-3.057716473129938883e-01
-4.828319048424679849e+00
-1.720095637318153292e+00
1.698859626513449017e+00
2.300775782748939680e+00
-6.756091102768785328e-01
