-1.032544146429788201e+00
-9.303221369394254481e-01
-7.470479292738301247e-01
1.977558960379474318e+00
1.756563709719823230e+00
-9.745541448572742071e-01
7.501965643494433733e-01
1.339558953232345695e-01
2.040618734120963396e+00
-1.213943513798160234e-02
-1.411420134739679311e-01
4.902282309551683426e+00
2.219997665580677015e+00
3.056469040693811756e+00
-3.551169771094281891e-01
5.517380436995408255e-01
-4.967432129625335424e-01
2.003470093142534658e+00
1.350246372435068010e-01
7.877426157840150545e-03
7.529580572474804390e-01
-2.185025012305631620e+00
1.341321490808079275e+00
-3.935517769770589536e-01
-1.165363063569101243e+00
-1.141146511022969934e+00
3.892206492675874263e-01
5.078179097514313511e+00
2.720997449859754891e+00
6.319144896986612636e-01
3.166072047287363134e+00
-1.222503460318627999e-01
2.274708917447867851e+00
7.356332943030262639e-01
-2.863730794477011177e+00
-1.868450164833304283e+00
3.292073827750435777e-01
-1.656430864228267463e+00
1.053438681042530245e+00
-5.231696539492200593e+00
-4.841835748937337591e-01
-3.004619873708041511e-01
-7.679909164706599789e-01
-5.993234397574181749e+00
-2.145762348644408846e-01
5.779078511151713116e+00
9.421939313708411756e-01
3.085158324309936528e+00
3.682555175421811100e+00
1.557486150150333870e+00
-9.250206055569979435e-01
-4.031764250879026901e-01
5.962728445587840431e-01
1.490018438724856509e+00
-7.826334715454470459e-01
-1.012774585973335695e+00
-2.153291939130184129e+00
-2.435681808694054040e-01
-1.927444020759874421e+00
-9.378183064690465143e-01
7.642362056854196117e-01
4.312139741102404500e+00
-4.616973447391304886e-01
-6.485822277708568340e-01
1.090267644154118365e+00
3.078138159599691726e+00
-1.329377247417756758e+00
-5.887853976033352588e-01
2.528619864014493235e+00
-3.485961963501473360e+00
6.005548557897123496e-01
-7.777646241227044177e-01
1.050919554748652729e-01
-3.862701859895114165e+00
2.884851087170760664e+00
4.631423538592210676e+00
6.123330470042509521e-01
-2.342649331334087925e-01
-2.218181941975541360e-01
1.599010603332578384e+00
-5.596597149896797241e+00
7.602756732082872615e-01
2.759927024984317523e+00
3.451701253371985079e+00
-6.601904445489132911e-01
1.454291662425671872e+00
1.589164375169496379e+00
-8.706785051022791766e-01
-2.456048565578292209e+00
1.385037454503600163e+00
2.932250160608498746e+00
-2.568660214779657114e+00
-3.112453500186121769e+00
-2.762199343073757252e+00
-2.309239500465611883e+00
1.950255940611832717e+00
2.530760545168190490e+00
3.490571123324633263e+00
-7.392031656074832924e+00
2.901203748265329452e+00
-2.934605333308242692e+00
-2.692897284038608507e+00
-3.022415569850015471e-01
3.575471126004631239e-01
2.862688372225027145e+00
5.331234572011144479e+00
-2.060487292957092542e+00
-9.170958430102321701e-01
-4.715231969391037836e+00
-1.290750782857485124e+00
-5.587923792955991509e+00
-4.160492774104146974e-01
1.865350627666308159e-02
8.967966829635946047e-01
-1.084117661306900349e-01
-3.474773370844160159e+00
-2.434209529822597418e+00
1.178877604321000305e+00
9.988277835281003103e-01
-4.447598798033033929e-01
2.220219829109513210e+00
2.025794694358362236e+00
-7.327800983968413284e-01
1.093902155840105417e+00
3.558638363534104787e+00
1.358752724929129574e+00
-2.996389966375887504e+00
5.499278796852993256e-01
-2.383860489062963772e+00
1.278664783428432150e+00
-2.152766907824028575e+00
-5.037582364841339810e+00
-4.299320210418468236e+00
-2.393741652846106405e+00
2.288723407029750412e+00
-4.436333769207562838e+00
1.788092791966870099e+00
-1.967654594155518133e+00
2.578516628885456186e+00
3.733499964275132754e+00
3.834021721629176649e-01
2.910297551387741155e+00
4.177969864194722049e+00
6.479337586083646627e-01
1.317167136548562212e+00
-7.659346624969971540e-01
7.323049479396949168e-01
5.765177554568823304e-02
-2.983547021603664140e-01
-7.106166555079047598e-01
1.351226129752840510e+00
-2.484910778835633494e+00
-1.236836083475034709e+00
1.274152886801704021e+00
-4.040200089863289712e+00
3.460975312383478553e+00
-1.999788561218179606e+00
-1.719512163234353297e+00
-2.370586059756427666e-01
9.565899469455804160e-01
-3.992176250654531966e+00
-2.250023549130015788e+00
-5.585002969184051924e-01
2.033197361067339559e-01
-2.782313813808651393e+00
1.591699337420950489e+00
4.125344149958082518e+00
-1.009204707109758514e+00
-1.063288223801261756e+00
1.703396867499728629e+00
1.142263672204081093e+00
1.708316436900730206e+00
2.411691780512710714e+00
6.707548595138697056e-01
-9.428457396804910129e-01
2.601960666803657674e+00
1.408817563384522575e+00
-1.588791423732929697e+00
-3.328586924814532555e+00
6.358943577788835899e-01
-4.907202830923662606e-02
1.759510046048016640e+00
-2.582105038792352314e+00
-8.269881996071759556e-01
-6.349847073375494699e-02
-1.202207543617405949e-01
-2.721867286899755101e-01
-2.398860057510538990e+00
6.149271408293425445e+00
4.124084779713752980e+00
-2.851141194591719774e+00
-2.192732789907090751e+00
4.076239894976772860e+00
4.767874424264716637e+00
2.450066914529643203e+00
8.449854414172605077e-01
7.089772164893828332e-01
-1.846048471130210089e+00
-1.467282595753426344e+00
-1.079489002133666276e+00
-6.989099380168655173e-01
5.583939519579256050e+00
-4.918765340286714860e+00
1.510174015074561005e-01
-4.131909865699652240e-01
-8.691505438968925024e-01
3.947638355977485247e+00
-6.630552372617666279e-01
4.777846353485137421e+00
9.158300082348933557e-01
2.644759655629394857e+00
7.126890962199622370e-01
-8.570479200740865888e-02
3.550121249811502011e+00
-4.480858694635667105e-01
8.378154874789064399e-01
-2.939180090465944417e+00
9.801721757208209374e-02
1.829805846222066990e+00
7.473399273205260096e-01
8.684261066079720370e-01
-8.908086015691921711e-01
-2.478297378761479930e+00
-1.110975623870500861e+00
1.667618587725946622e+00
3.951578705841293226e-01
2.983660515416205694e+00
2.806354905064073701e+00
-1.769773951179056226e+00
2.646985669170033084e+00
3.389356541747635454e+00
2.737134812065189493e+00
1.848845644505079155e+00
-3.998522969185736908e+00
3.761084937411582008e+00
-9.235993301540174061e-01
9.680984806467913817e-01
-5.070972657946598794e+00
-6.794520757437567671e-01
-2.841369012794619842e+00
-3.097345237299276022e+00
6.378355640815471794e-01
-4.332280042978518431e+00
-2.997019473333446982e+00
2.648021427115859083e+00
-1.150754253192129539e+00
-8.149839324443719502e-01
-2.867235662323629253e+00
-1.716950598458141242e+00
-1.546267388874160043e+00
-1.083096481522872745e+00
-2.118763281397325837e+00
1.953914050824929749e-01
-3.063095583825286905e+00
-6.062112808965768096e+00
-3.803132698676413348e+00
-1.034920629133209813e+00
1.554678165935827305e+00
1.243144006671150770e+00
-9.316828696160056600e-02
-9.931924139627250625e-01
-4.782664718434001649e+00
1.544634778090709926e-01
1.168227057874023034e+00
-1.291259785462171461e+00
8.976679343774779385e-01
-8.774038251533922139e-02
2.629152425552258698e+00
-4.007681130573533146e+00
-4.279879314231020970e+00
5.608642553583093049e-01
3.939741907273377475e+00
-2.343272412224807866e+00
-1.161939815326149983e+00
4.137956086231872055e-01
-1.941116729518179707e-01
2.114596790312799790e+00
-5.615792089215418059e+00
2.497816676399646774e+00
1.150703790007808536e+00
-8.878732974373984010e-01
-1.196463746913144277e+00
2.034774333901304688e-01
-3.035894312201949052e+00
5.675588304679065388e+00
-1.116119117415051321e+00
-3.665490917743826849e+00
4.495901222249508167e-01
-1.146417529755998199e+00
-7.821449166070373327e-01
-4.678368610971160857e-01
-5.034942966416193766e-01
1.193056205342043263e+00
-2.093215986982684740e+00
1.891400429873471234e+00
1.919273430488930510e+00
3.867004472740554366e+00
6.429131769183176637e+00
-3.699354625487503156e-01
-2.328498279080521538e+00
8.698431359027490872e-01
3.204403523147823840e+00
-1.451243850099315003e+00
1.197517035739762647e+00
-3.581730123339224914e+00
1.186539920310587304e+00
4.979367101610786550e-01
3.771810450301634976e+00
-9.039159808366890037e-01
3.218904964986991635e-01
-2.988704951264286702e+00
6.068172938789533344e-01
-4.581720790266452958e+00
-8.155044024831044069e-01
2.506038094283336015e+00
4.783692884792576372e+00
1.698939122357820519e+00
8.623160681297667551e+00
-1.103376709662617028e+00
-6.629664524397729686e+00
4.013314608054569632e+00
-2.378133804445985433e+00
1.883613470027974079e+00
-2.507034989131637026e+00
2.698093654879932135e+00
-1.575673353881923866e+00
-4.921499468942072131e-01
-8.762371295554010064e-01
8.182259519256315228e-01
4.800664658169289667e-01
1.604428381903505230e+00
-2.458603230544810447e+00
1.036822765222061848e-01
-6.997781963678711969e-01
1.520153015801331664e+00
-2.455264071815403959e+00
5.202576508439182845e-02
-4.709206022110279832e+00
3.132886001200456683e+00
-1.455321116849952190e-01
-2.399279808342357434e+00
3.016647329010077705e+00
-2.804770112487394162e-01
-9.457321155262673473e-01
-7.512913315953265725e-01
7.429287786543112837e-01
2.211117870585988854e+00
-1.805266328053288127e+00
1.630156544270188190e+00
9.862336344016580103e-01
3.830184726688424135e+00
-3.541536086250709481e+00
-1.099719913042252584e+00
-1.084119295097906166e+00
-3.243588540267044351e+00
6.002992722547226823e-01
4.348885509633047541e-01
-2.514101937999988046e+00
2.027839490866786498e+00
1.989267491579734259e-01
-1.033045869955684148e+00
4.883056646052775784e-01
1.677316134007692749e+00
-1.716033943181152654e+00
1.417194819011310836e+00
2.508505229397267389e+00
-2.407381305968772978e+00
1.269031932245567873e+00
-8.102773258992380656e-01
8.158701378741219923e-01
7.714309784363966305e-01
-3.558896288981521216e-01
7.845619209385601422e-02
4.148665746855801473e+00
2.518005123949914825e+00
2.380823005838477169e+00
-2.085649441881502586e+00
-2.239729009753157474e+00
2.094942207239440801e-01
-2.648331209922334839e+00
7.470949959639130444e-01
-2.511286040568935896e+00
-3.968521190515008068e-01
-4.992650905945335560e-01
4.303502807407015296e-01
-1.157381251636223629e+00
3.573592499478321916e+00
2.160222340641369421e+00
3.015896716598245320e-01
-3.298471639481885820e-01
-4.941420876060324652e+00
9.688848365153120978e-01
-1.362403180237136580e+00
-2.604725207197377657e+00
-1.416146256260340852e+00
4.000705893618656361e+00
3.309192778071730068e-01
-3.421867255621546811e-01
2.824353045279044405e+00
-4.298457085544233891e+00
-1.594862101489911588e+00
-1.099169853395421725e+00
-9.396872755422263079e-01
-3.686629367266125445e-01
-2.230583295763227669e-01
-2.875494702668420222e-01
-6.090874582936811166e+00
2.129049689679369806e+00
-1.649364625134928319e+00
5.589332036587942865e-01
4.669237593459251157e-01
-1.899914044669586799e+00
-7.669835998913053787e-01
8.384591185067641339e-01
-1.652007104146276495e+00
1.952803851654038692e+00
-8.771833844699461480e-01
-4.028123637673924229e+00
-1.882281484808042249e+00
-4.102883029310143703e-01
-2.783657316808383797e+00
2.414913535047426674e+00
1.336720749095943461e-01
9.186560841326085747e-01
-3.718451586430857603e+00
2.049180565640464913e+00
4.588501110227729107e+00
-5.831207055235263503e-01
2.942376180285960707e+00
-6.435430628249823037e-01
9.061597458508121594e-01
1.298604743714998344e-01
3.279839605230882582e-01
-2.662940151318756499e+00
1.057008530519638612e-01
1.665278695033004297e+00
-3.184876447964163582e+00
-2.181550168892976593e+00
1.331211464629134644e+00
1.651385760443462081e+00
-2.096704546715095319e+00
-8.656485138328617879e-03
-2.886542539609008862e-01
-1.400879433880132474e+00
2.081260473111129716e+00
-4.778363117959666950e-01
2.601996415583953670e-01
2.716643470258147675e-01
-3.286107669957389898e+00
3.609383170415822462e-01
-1.513694131746889715e+00
-1.001896569193280406e+00
-1.095352747842039287e+00
9.962742280506157178e-01
6.297871342778391668e-01
-2.911083426333024526e+00
-2.651902319270855179e-01
-2.335614301903951029e-01
-2.506069825292939424e+00
-2.152883122376619163e+00
1.258976595183000313e+00
1.711836623463939500e+00
6.371961460333483984e-01
4.934534425504429889e-01
-3.641260395159954921e+00
-2.376896530542802477e+00
-1.307152238642652620e-01
-1.944057866411336821e+00
-1.766939291476504748e-03
-8.377687064127753436e-01
1.185383593290601612e+00
2.616504116553745041e-01
-1.730862475832964265e+00
-2.059962798164431508e+00
-2.660170884787893542e+00
-5.125670447344018221e+00
2.248325616072913036e+00
2.445029911791334332e+00
7.397985754481922749e-01
-3.241689196148998864e+00
8.691397947003297375e+00
-1.427076022533942723e+00
-5.874352168057415113e-01
-1.517469594220327123e+00
3.827412518018942222e+00
6.417090757670257384e-01
-2.817184466929769648e+00
-1.420160034056279663e+00
-3.093457724156722044e+00
1.929428522863030793e+00
1.824449189797255899e+00
2.302560683312529832e+00
-6.367850233715564912e+00
2.293976126517915937e+00
5.294269546698885387e-01
1.884101249329366734e+00
9.193061452221370500e-01
-1.774033628886967140e+00
6.501549946585514217e-01
-3.237740865242824673e-01
3.352503915279124058e+00
-1.995000530292467822e+00
3.378036950546899675e+00
-3.192263283702082344e+00
-3.782560394223610789e-02
-4.293656611930774858e+00
1.193184875097748954e+00
1.252912723457194621e-01
4.729438750094909771e+00
8.782052493139370641e-01
-9.883655869428004115e-01
1.806505197246448535e+00
1.820365227393345053e+00
7.054886216137802313e-01
2.389837549559739927e+00
-4.262766236730536562e+00
9.893371769249875713e-01
-2.438243825307498280e+00
-5.438041287647182642e+00
7.874515040032070701e-02
-2.164442857344405002e+00
4.617004722768390579e+00
2.208487504715822780e+00
-1.050097936201287219e+00
-1.901841865412805532e+00
-3.395259209262820210e+00
-1.815525504518644972e-01
-2.233058969044483089e+00
-1.691942850225246930e+00
3.476535056707280802e+00
-7.785706390833087021e-01
2.790363666873893145e+00
-1.818246987678745485e+00
1.577737657239792091e+00
-2.234896201918603165e+00
-1.127006757182315022e+00
1.572932751377646987e+00
2.689828979871015324e+00
5.009098266528740906e-01
-1.409901239158948938e+00
-1.420201403340381807e+00
-2.195589994836458558e+00
-4.176575882642461046e+00
-1.271765542957727035e+00
-1.597242788765165233e+00
-1.458555225310314896e+00
3.232108696946949244e+00
-4.783752886043554753e+00
-1.378039319558014952e+00
1.960481084453482570e+00
-3.547823881740986174e+00
2.054346773928185099e-01
3.963789460587057611e+00
1.222884015907128141e+00
-1.157808562768142702e+00
-4.511951942238309421e+00
-2.881378062960119557e+00
4.383273832182001950e-01
1.196154773884017253e-01
-2.524676926917074571e+00
1.123475149809667339e+00
1.718890186796001307e-01
-3.699020581001335906e+00
1.093397520354594032e+00
-1.137507076521556026e+00
8.569432710815488852e-01
-3.164004538078343920e+00
-8.372694294583576946e-01
-1.432281990305466657e+00
-3.195891122128993178e-01
-2.686570306204929537e-01
-3.408841642942060934e-01
3.672325645623792045e+00
7.124927769901197028e-01
3.544463492842117258e+00
3.361689359841867564e+00
3.761204565850795767e+00
-4.168290411372369553e-01
1.805604979786273656e+00
-4.097306773061373697e+00
2.009301570094510492e-01
-5.203927827170768960e-01
-1.066955472450598519e+00
1.328532772197196232e+00
1.912199136194413285e+00
-3.390237749973999737e+00
-5.050975931083790726e+00
3.756190797955474725e+00
-2.421754821765632393e+00
2.256857298334237871e+00
1.652371426552131872e+00
-5.841852896842548049e+00
-4.682010181382547209e+00
2.502666519073831086e+00
4.971501379602011106e+00
6.645691856191184854e+00
-1.838027958462468581e+00
-3.651844870513527574e-01
-1.459956171094822341e+00
-2.741464008059969260e+00
4.683025489404958330e-01
-4.284515879534637195e-01
-1.317379634230859242e+00
-3.204721202936023250e+00
-1.640560826198072739e-02
-3.962900634691969071e+00
1.463342381135823267e+00
-4.939277605769424540e+00
-1.506576882500251235e+00
-4.756267353169615575e+00
2.900040648568285029e-01
-1.408359024288079464e+00
8.915056247903355713e-01
9.983917070966359386e-01
-9.665484472456409293e-02
1.370563696440628698e-01
-1.193682943245687911e+00
-2.598964273180188744e+00
7.279906645626501138e+00
9.211557167190189688e-01
3.400790459331761717e-01
-6.380184834405249195e-01
-5.180458631384926571e-01
-1.840539982468464730e+00
1.217987143240766734e+00
1.264592701735718361e-01
-9.949734851662661583e-02
-8.241546239685146880e-01
3.393765952223045446e+00
-1.937736480126397431e+00
-7.880704435863036261e-01
-2.601119174163371461e+00
7.170885791823222721e-01
1.122230122093692828e-01
1.782318234943460533e+00
-1.161299390280202237e+00
-4.960037507225278475e+00
-1.510643381684717124e+00
2.886056897383428022e-02
-1.501984870262345062e+00
-7.378000403555877718e-01
1.118443550049756374e-01
-9.287924639407273419e-01
-1.444623436353422941e+00
2.108564705766349689e+00
-2.149569876716978634e+00
1.241593073423801430e+00
-6.019333631362839832e-01
-1.184283774688936308e+00
-6.990527085428224208e-01
3.198304002797349277e+00
-2.448224621933279721e+00
-1.081029880150717215e+00
-2.889077922403441523e+00
1.111236597522797354e+00
-1.739083642844518218e+00
1.395719934747127189e+00
-1.724292049117635894e+00
3.705606342120693064e+00
1.524066515932780197e+00
1.367433789710793990e+00
6.367066377729795335e-01
2.499853610047292118e+00
-2.605529265019378204e+00
-2.281136037498327607e+00
1.638806912323908183e+00
2.984712530071382375e+00
-1.289193679063365794e+00
1.108547134917378996e+00
-3.091294827748354568e-02
2.186906739293307034e+00
-1.914063452562842160e+00
4.212303755474696487e+00
1.719180362428412323e+00
2.098148062968607341e+00
1.060775100998821330e+00
-5.204024717283545209e-01
3.619212590859496981e+00
-9.401753349137242921e+00
-1.751784735898994638e+00
1.322742650866175484e-01
2.785818098256998887e+00
-1.959827691041771791e+00
-1.400032040142486167e+00
-8.747811978911517183e-01
-4.177739772401313778e-01
-3.725414244691081844e+00
-1.063586095369337903e+00
1.235693212721014511e+00
1.083127386841320927e+00
2.089868921647355826e+00
-1.470989895585718576e+00
-5.444420222945878240e-01
2.402537187583624334e+00
4.106057740988275917e-01
-1.019251941016414698e+00
2.634431938605465096e+00
-1.317739510847319773e+00
-2.523762073347700641e-01
-2.545914228426739534e+00
-1.009246452653367099e+00
3.042860097488422344e+00
1.974550662207320562e-01
-3.990054398807696412e-01
-2.664647921371578576e+00
-2.000900196712587675e+00
-1.796597251129072204e+00
4.283315853295041054e-01
1.302387661388037188e+00
-1.488875590371623758e+00
1.058500209145202930e+00
6.482850021349407799e-01
8.215453680402207137e-01
7.164929300654414579e-01
-1.490771983051238259e+00
2.194153656288369447e+00
-1.500452557867312464e+00
-2.948806486270638683e-02
-5.128300710503468807e+00
-2.235806419916468446e+00
-3.897495230076081896e+00
-1.028724485558631274e+00
-2.863293034349105870e-01
-6.731666679299391776e-01
-1.234173679097529064e+00
-3.860601350868468007e+00
-5.866031472636707988e-01
-1.714748386953760251e-01
-6.738251082465522845e-01
-2.379295552987593432e+00
-4.944314882668458533e-01
-5.003743780246473705e+00
-9.386740164655233976e-01
3.586173782270386745e+00
2.812046466551770152e+00
-6.230194343160404546e-01
-2.288918266981948335e+00
2.400194578273719070e+00
1.199171689078157410e+00
1.163504792930666998e+00
-2.490051388336689708e+00
1.519776116661906706e-01
-8.996450803450524447e-02
1.222844395316967647e-01
1.066232125022458455e+00
-4.162024974622212103e-01
5.413764689448320233e+00
5.678670600321914508e-01
5.363281799307806352e-01
6.657869189964938927e-01
-7.005196488342336769e-01
1.545438405239225377e+00
-1.652746949065706072e+00
2.749403484349929982e+00
1.467599474615224109e+00
2.279122267263345769e+00
-2.455705519596421027e+00
-5.632278313509914147e-01
-1.191355527712335993e+00
2.704122262370003860e+00
1.226974503474407063e+00
-4.628454589016351761e+00
-1.230018064234805308e+00
-4.386898275634492528e+00
3.043109112754634360e+00
-2.368253421239821854e+00
-3.148910271202632227e+00
2.594921376811031077e+00
-2.505845651683795694e+00
-1.358299704422545995e+00
6.441938201234664874e-01
2.331242652740936006e+00
2.596095158665574054e+00
-4.905042855194126084e+00
-1.128621630333224823e+00
-1.621795183413764052e+00
-5.090478430722426673e+00
1.957550384515066799e+00
7.908242741101240147e-02
2.056345296595745165e+00
6.403261927885271376e+00
1.704983901719157480e+00
-2.487657710924854104e+00
3.895717024409360851e-01
2.117364836424294516e+00
-2.126782613216181339e+00
-3.848521858087558201e+00
1.988952054691065952e+00
5.427248192950770989e-01
1.821780758707284287e+00
-1.547074077506392475e+00
1.643413996899165452e+00
1.788713970974871392e+00
-1.666691700594340464e+00
-5.455076065740716018e-01
-3.216233024748399671e+00
-4.377712894877851535e-01
-2.992964888295399639e-01
-1.664111766134138692e+00
2.431256257274451826e+00
1.742192490548578387e+00
4.989834028646086828e-01
-8.229010006988825010e-01
-3.693961924928337748e+00
-2.327032922941008608e-01
1.997092579850419991e+00
-4.416098418389409197e+00
-2.031501829507761592e+00
1.399234199173908788e+00
1.600974155362337781e+00
-2.962700784228133433e+00
1.852070158380890730e+00
-5.138929403565335896e+00
1.790678219650911451e+00
1.051765901587481622e+00
-5.658727356075750059e-01
-2.288567458358055529e+00
-1.723887554411553058e+00
1.272790430288408547e+00
1.968313838923048342e+00
2.230175556069224463e+00
1.462355620765330100e+00
-1.950776927864223076e+00
-2.883653968823656655e+00
-6.141153356079720460e-01
-1.538115212665328135e+00
1.142103964513078385e+00
-1.337270354093283098e+00
-2.207069420640046964e+00
-3.369121680557395582e+00
1.817929889917124786e+00
1.990833973137390078e+00
-4.197578267254601592e+00
3.243228318494857376e+00
-2.301179121362352031e+00
-2.011018478038794299e+00
4.798392540249747817e+00
-1.779585846817736572e+00
3.055462650311204342e+00
2.757077485848586362e-01
-3.100917280230338635e-01
2.437951128594206374e+00
2.640451657254984652e-01
-2.659926981592620088e+00
3.318513820800153002e-01
-2.247662633266176879e+00
3.863372435774539149e+00
6.922444291033778008e-01
3.038541237099903647e+00
2.036359070128048288e+00
4.359906782945911274e+00
1.245450928194169693e+00
-1.385575093826827420e-01
-1.509138277050335208e+00
9.560229727958434731e-01
1.311144941660217889e+00
1.063933287316246812e+00
-2.113998955846380312e+00
2.684442169298447922e+00
-2.503613807597923291e+00
-4.830705592740230259e+00
-3.259935592881037181e+00
1.830214399842144402e-01
5.267648215733276018e+00
-1.106300039516232125e+00
-2.575637440617515317e+00
2.181656739697208636e+00
-2.247699168142753390e+00
1.036303831355661398e+00
-2.379358721140214517e+00
2.996543448899390505e+00
4.213836141351813502e+00
3.162537453672243370e-01
-1.046467695138553644e+00
1.617223299703760997e+00
-1.071921144414689220e+00
1.356541891899400998e+00
2.642224520866125914e+00
6.497466740476969260e-01
-1.673767793075734200e+00
5.197171444876158564e-01
1.089837289050979319e+00
1.099665336744971800e+00
-2.862979359534413959e+00
3.401455719437901926e-01
-3.464494748683226266e+00
3.602218118277305869e+00
-4.109443750005142171e+00
-2.574213866514053484e-01
-4.335297685389498668e+00
-5.920479564961476093e-01
-1.882834486001233043e-01
1.481214334800105892e+00
3.638765132306143180e+00
1.014491656450503321e+00
3.486328186681723729e+00
1.930787537722539859e+00
-1.317112106985382614e+00
1.153599569877871378e+00
-3.903922470708295123e+00
-1.640395242131331033e+00
5.703365553808568134e-01
-4.883407661062176608e+00
4.608674769147924621e+00
-3.562267644892635143e+00
-3.526787564261049668e-01
1.977606276055786427e+00
-1.969581224809655140e+00
2.078324540550030353e+00
8.647947429695883592e-01
2.227113794042713479e+00
8.849272986382197281e-01
4.814418616172908116e+00
-2.190446909217945048e+00
1.902733135547426846e+00
-7.833941569766071644e-02
1.109308591073415506e+00
3.736286258674320848e+00
7.791642766652278951e+00
-1.391351703494935421e+00
4.190101873635491359e+00
-6.723934675632035063e-01
-1.602562641949031974e+00
1.063951170405918134e+00
2.829845817877279401e+00
1.803475466513201120e+00
-2.407249456161147716e+00
1.247691407136070296e+00
1.633146230428133228e+00
2.978725471832330829e+00
-8.434939745091330821e+00
9.858622012613610375e-02
-4.292790364869134567e-01
2.046841026437025590e+00
5.118488115685159157e-01
-1.184068383056362084e+00
2.632442916558611401e+00
1.577171832598531109e+00
-3.314356900506989501e+00
2.820619094568541652e+00
1.894673105354054865e+00
1.571814120277565952e+00
-2.080629856749422579e+00
-4.981438984784690938e+00
1.985876463577746609e+00
-2.760987189145215126e+00
-2.072490091853341987e+00
4.522545577305598030e+00
2.418640291181975321e+00
1.547116686732569857e+00
3.019960015648844198e+00
2.444722185596369446e+00
8.261891027974119783e-01
-2.100138161026840589e+00
5.897536125174188681e-01
1.666398123317108348e+00
3.217642764098496144e+00
-6.120676969129160705e-01
3.448639552541600040e+00
-1.517349116167414191e+00
-1.519035225134798828e-01
3.922794551451369571e-02
7.873476422319627410e-01
8.426353334920391180e-01
-3.102168695888765537e+00
-1.535970503213037297e+00
-1.319069409127338277e+00
-1.741950285107336738e+00
4.901437691997680091e+00
6.285273709758599781e-01
-1.668460645693549349e+00
-3.526691250412775425e+00
1.693508373983501292e+00
-9.308192724461126222e-01
-1.663823018116549868e+00
5.647827520884725061e-01
-1.865874218211763136e+00
-1.188472069640548634e+00
5.802527921076211292e+00
-3.624720748947769522e-01
-4.220348709435103984e+00
2.555310570685364269e+00
-2.241868152247824764e+00
5.185375071413040882e-01
-1.187223484482663460e+00
-6.179944229190882377e-01
1.004069361413649497e-01
2.099235129135726297e+00
3.175614328444238410e+00
1.998141329494660834e+00
-2.827598591711174780e+00
6.187134269375310858e+00
2.498467215256441776e+00
-3.261032180616144416e+00
-1.002819060425975461e+00
-6.931363355909710977e-01
-8.742976339852307488e-01
2.135829801240091363e+00
-2.434953173168386442e+00
-1.534205698464252476e+00
-2.202916029514834229e+00
3.772987737056235691e+00
1.747912513911491050e+00
6.159640653532385546e-01
-9.413891329734315194e-01
-2.758089064911209753e+00
-8.940530007570821613e-01
6.321805055606377621e-01
-4.498459307250914918e+00
-2.483325785820745743e-02
2.028799669296002417e+00
-9.190561556712414371e-01
-2.273477283307488328e+00
-6.593622914604578833e-01
-1.324903113222951845e+00
6.945683183368362990e-01
3.408757972612749931e+00
-8.393300631073444817e-01
-4.004432590033169426e+00
-1.547776702341540300e+00
-2.626516628957442201e+00
-2.761400799820521001e+00
9.372496731749631049e-01
1.051358642835202861e+00
-3.228078747877534127e-01
8.651351559083697573e-01
2.873457327898507607e-01
-1.001075311190531503e+00
-1.318700560268504685e+00
1.832484160906475701e-01
5.426422500950677907e+00
-7.073920680612354461e-01
-1.177183185065771243e+00
-1.560063160436002461e+00
5.106096281050006569e-01
7.771257102267350447e-01
-2.312062058059761505e+00
-3.040130491019124470e+00
4.973470316515361533e-01
-3.423452312139023679e+00
-3.453664284454096123e+00
1.597767422262287074e+00
1.035977751485754883e+00
7.718689583338776972e-01
4.007606657065207467e-01
2.126073523647741270e-01
4.725276815661157981e-01
6.493667661289715953e-01
2.450456835553260770e+00
