8.853415287067806227e-02
1.245603984906155537e+00
1.157009200605425697e-01
-6.068915912654014866e-01
-1.103578771289693616e+00
-2.378131957125204643e+00
-6.419831820515945253e+00
-8.550601873131549180e-01
1.865467573993200956e+00
1.916225801837601717e+00
-7.020417780507772321e+00
1.363739333473694249e+00
2.848203489118905640e-01
5.008028181185267158e+00
1.096035544676059015e+00
-3.949691179990090228e-01
-1.158313211793429165e+00
-1.241719494390117751e+00
1.448144979377642416e-01
-7.463081648433217419e-01
-5.238820369375042363e-01
-2.486234267793801855e+00
9.141083510981591331e-01
2.394154416501341753e+00
-2.155375987083256728e+00
-5.049117671860334333e+00
-1.097128020878962218e+00
3.152028114498321987e+00
2.208381167119418675e-01
-1.334199028001211929e+00
-1.766909995186664695e+00
7.086997755146582811e+00
3.808963052390178516e-01
1.031554623300081186e+00
3.095123274330831009e-01
1.576826444591665322e+00
-2.236328157474314349e+00
-1.186825525510267765e+00
-1.734358824020982404e+00
-4.442267813512687624e+00
1.099847097418126696e+00
4.600536749008002357e-01
-7.259036712942928959e-01
4.941180173052963198e+00
2.657734292261231257e+00
1.196252401091754347e+00
-2.026715126093034947e+00
1.216962145065771272e+00
-4.084730651290199965e+00
2.772126366956814802e+00
-1.630510941581428508e+00
-2.929066675850202639e+00
-3.542352928896198794e+00
3.241692496488704389e+00
-8.363987595097670535e-01
-4.240999335441190676e-01
2.566421769759457572e+00
-4.390527981425333959e-01
1.667105735283761048e+00
8.133851922673824841e-01
-1.609479264081175476e+00
1.436295605767965444e+00
-2.387404878909638484e+00
7.286668504941210545e-01
4.374044103856761012e+00
-2.542373244620347528e+00
-2.841163481099269639e+00
1.674624357437204836e+00
9.840765783712858150e-01
2.534039336532869058e+00
4.741860121327146627e-01
1.229242920735876599e+00
-1.888870656327178210e+00
7.869189656206199146e-03
2.509919297285466699e-01
-5.590483795335999595e+00
-1.506893673448107762e+00
3.436193289637421877e+00
-1.294643448342110759e+00
-3.437534678092578844e+00
3.015384343710576065e+00
8.895377142368604551e-01
-5.502408192271182941e+00
-3.292796923172609080e+00
1.450185701778174741e+00
-3.736484645044171771e+00
2.739213512662156180e+00
2.212962241439976552e+00
-2.604296337958503127e+00
4.015404465357677921e+00
-1.616125110138632248e+00
-6.212640035443639519e-02
-3.233895241213842198e+00
3.564511127622616904e+00
6.209325103872440632e-01
-3.524473247411339827e+00
-1.002757360181158575e+00
1.928496240030635800e+00
1.140429980930185438e+00
-1.432867528166770432e+00
1.288209410912455333e+00
5.155547469644683467e-01
1.728801917433091084e+00
3.060528664844843760e+00
-3.651670244345350813e-01
7.221185684858752118e+00
3.548332834134297897e+00
-3.584982461354988992e+00
-5.617646877877104927e-01
1.049629658807725019e-01
3.777012627016969937e+00
-5.912959509165904848e-02
3.979301260303609311e+00
-5.367418944839137396e+00
7.315677700451596044e-01
-4.307327114181779271e-01
-2.005261775700206250e+00
-4.739895303860902631e-01
2.417178284215028672e+00
-2.209602581860387716e+00
-2.683029354862156435e+00
4.677375223881871769e+00
2.448608116426842507e+00
7.881962960333476209e-01
5.624466237788576795e-01
-2.944240830049014157e+00
1.390371741799217409e+00
7.166976553916025061e+00
2.627433066941858630e+00
8.457271124579879285e-01
-4.532521503512785266e-01
-1.029122506029169076e-01
-2.521135132295183823e+00
-5.169064781430670941e+00
2.171611425764360170e+00
1.288001481924089697e+00
3.183625651817074687e+00
-3.162659996233520676e+00
-1.033010332350448701e+00
-3.478451931014190812e+00
-2.017984734740272401e+00
3.814573793433173154e+00
1.402489247698159636e+00
3.296580543669344276e+00
-6.934405674172539058e-01
-9.441378172863474916e-01
-1.523325827727486370e+00
3.934119731040976564e+00
-5.267124457337408749e-01
1.695451611623948196e-01
4.487548295149355049e+00
-1.262729311787895048e+00
-3.600740447771560437e-01
1.296779201833586859e+00
-1.575254893884763474e+00
-2.174864474455326047e+00
-3.545097950470201820e+00
5.437913229168190199e+00
-2.883456496171553418e+00
-1.263374678787262395e+00
-2.498251577955564517e+00
-2.812130801964844551e+00
1.709459309354852907e+00
-7.588422782140463729e-01
-7.864494866199285283e-01
-2.839655471120918762e+00
-1.176241971751412096e+00
-2.041165419869648723e+00
4.045210378294180842e+00
2.089683268635955660e+00
2.227044841284246401e-01
7.242359095650816592e-01
2.582446308684278602e+00
3.145279241202200371e+00
-3.255847641820054650e-02
2.009999886594440621e+00
6.557302813729206648e-01
1.167262395106756667e+00
2.257489454325203759e+00
2.093209648744158158e-01
-1.278057949590415188e+00
2.201138030866007345e+00
-1.401852788935664673e+00
1.166061577048474796e+00
4.144382908534109955e-01
-3.523165923927863652e+00
-1.487111013616601252e+00
4.795440769345464815e-01
1.299246093534369262e+00
2.046518087997293289e+00
2.771487704844688427e-01
5.248277132348486695e+00
-7.793350567336900792e-01
-5.203421303422171462e+00
1.405205387320628718e+00
-3.580380840982599011e+00
-1.924288652443967296e+00
4.373238936031451196e+00
5.104519315611696362e-01
-3.256094409173970750e+00
-5.599622220474339551e-01
-9.063499307262692373e-01
-6.591820060412969084e+00
-2.669477246141772397e+00
2.360797888124326893e-01
-4.881720157971374263e+00
-1.112915503544729567e+00
-4.267186867225298386e+00
-5.334284529964737898e-01
1.822023353417699942e+00
-3.185849273111432289e+00
-5.409572568324473529e+00
5.957403165115209287e-01
-1.002576626374976909e-01
3.653610378948425996e+00
-2.455934028505884381e+00
1.925418148285963582e+00
4.395646392909899447e+00
6.504551014205972592e-01
6.395692426196987190e-01
-2.607653957794355826e+00
-2.439976193040444663e+00
2.169184681971992656e+00
2.671065661291456728e+00
3.669374743286521579e+00
1.796448938130960071e-01
3.322824166235748500e+00
1.738455696991047628e+00
9.758829886786705154e-01
3.182527501227395472e+00
-2.557565819659398443e+00
2.325869924030367741e+00
-3.394752530604692620e+00
-1.333727016187240766e+00
1.218675842991625347e+00
3.811487371470594354e-01
-1.969298956846362580e+00
1.360808994482129108e+00
-5.294582168673930944e+00
1.106908584335239976e-01
-1.042156849038538002e-01
-1.075070518681313647e+00
5.196461863654404212e+00
-5.219354150227378808e-02
-4.857156940984009630e+00
2.021742847432061119e+00
-4.652840313931748684e-01
-5.218298991836459066e+00
-9.537495580471372358e-02
-2.319319523101246006e+00
-1.032374300606028417e+00
-9.889284276304550758e-01
1.379495484059302779e+00
4.274558996031644575e+00
2.327942971634853642e+00
-8.495447013829779959e-01
-1.944382763251351731e+00
-1.134656075343758674e+00
3.990435125146478246e+00
-1.416868471509308947e+00
-6.686316415964090876e-01
2.245633928740961016e-01
-3.525902834511922102e+00
-3.066560424516320826e-01
3.380870662050325937e+00
2.658916385936475280e+00
-4.372268185378088923e+00
5.517688777039329029e-01
-4.726329866005324121e+00
-7.026938678660549442e+00
1.705826003912014777e+00
-4.818174627958444312e+00
-9.297484094371664121e-01
-2.693790712081238325e+00
2.343163191310623894e+00
-1.225710743991393681e+00
-2.108991304434743697e+00
-1.329811231821932394e+00
6.459916758026101213e+00
-3.048025893664285668e-02
3.937809739616916715e+00
-2.023902568515478340e+00
-1.565229714853477727e-01
5.158708356885171042e+00
-4.557854063529487298e-02
2.527464268103217782e-01
-4.948073256031289446e+00
-3.015587275381588661e+00
1.480197098577900938e+00
3.651461060330210451e+00
-2.849706531492048001e+00
-4.114003070824892028e+00
1.759085077991376700e+00
3.018282390991463338e+00
-1.590165144775919304e+00
4.391655259504659847e-01
2.698844186443737136e+00
-1.186996009503384686e+00
-7.903307775286360082e-01
8.911039566206929718e-01
5.225596318779683891e+00
2.698700113220784846e+00
-2.228601705856485982e+00
-4.091862912731309421e-01
-2.615979887791380243e+00
-1.364579086560947063e+00
-5.342841952785926107e-01
-1.405880741075860030e+00
-2.136443191058543078e+00
3.906038308475273890e+00
-1.467117164341977809e+00
2.239155573303575508e+00
-4.868339124226890746e+00
3.679483347773141677e+00
2.936039423928996861e+00
4.514383526338490604e+00
2.810923001500390317e+00
1.231950399689626385e-01
-1.791605468223089748e-01
-3.712353503211744954e+00
-3.297605150784264527e+00
2.386734766810592934e+00
1.874390326710525301e+00
-5.975018985703211882e+00
2.148852932523321435e+00
1.081977151493890510e+00
-4.263084870139541849e+00
-3.711104642140473864e+00
-7.858222980886160336e-01
1.069144393183120378e+00
5.373916780847960872e+00
-3.710469001873116124e+00
-3.339360095769400294e-02
-1.637189279139410258e+00
4.982846230474235583e+00
-1.927439606227171254e+00
2.609876525025808913e+00
3.394858439922285864e-01
-2.539909218518597633e+00
6.348082632199414377e-01
-1.412088878432141481e+00
2.032030579222843247e-01
2.307779178727312974e+00
5.970872758299400118e+00
1.830860881111699534e+00
-4.224108954329450327e+00
-5.610345421910151176e-02
-1.279851735273201951e+00
1.462543122912237203e+00
-7.413330966737008421e-01
1.062669766789457126e+00
-1.375898780703102231e+00
-2.964932936763455817e-01
-9.720285755649369364e-01
1.786411576777885202e+00
-2.806643701100270505e+00
5.544235856392744743e+00
2.251686647590610768e+00
-4.570503190629215950e+00
2.195787571885098100e+00
-5.552544032714831879e+00
5.869783439326338836e+00
1.020244705498893900e-01
-1.322405729997020440e+00
6.186985336843200400e-01
2.355648908528766405e+00
2.286378910887575167e+00
2.059100940173796968e-01
1.015679556304224018e+00
-4.225738949611777429e+00
4.100890217859817000e+00
2.891278896739910564e-01
-1.998725881574197061e+00
5.142606322928110707e+00
-8.897039411189386904e-01
-3.850003736901702389e+00
8.064267110045129083e-01
-7.448441713489516447e-01
-2.825516856085773298e+00
-1.714187543095692101e-01
-3.037772830319697359e+00
2.083355904569798245e+00
-2.928796646672507720e+00
5.115372281446813885e-01
1.075147834601779318e+00
-2.171754476386128729e+00
3.880220027883405365e+00
3.858698724329090446e+00
-3.444897444201988179e+00
-9.517935634317186144e-01
-3.502474073738662597e+00
-7.437957473254368512e-01
-3.473827016146433078e+00
-1.961293594950314967e+00
6.862288156264846339e-01
-1.435489908176967422e+00
9.011275171057392397e-01
-1.872803184594598602e-01
-2.891448274567395060e+00
-4.308512130836733789e+00
-4.749167887043254099e-02
-2.979880801024956227e+00
-7.547733389395845371e-01
-7.236387660411893741e-01
-2.799276802724767865e+00
6.273463547603127743e+00
-4.388005558604676892e+00
-3.567794773092217930e+00
-5.245260708591122700e+00
3.031516042302805580e+00
1.839936673749846818e+00
-2.683979413769663314e+00
-9.192771151598285728e-01
2.133419137752341932e+00
8.342853706480529707e-01
-2.687925266737487107e+00
3.124598901452716238e+00
-1.338905928332810191e+00
-3.390532650123691205e+00
4.669040360671439238e-02
-1.106477789428826242e+00
5.271100536161693384e+00
2.292484803992281828e-01
-1.560031621767644205e+00
4.142138612448298396e+00
-5.458003428737143725e-01
-1.725050453542022133e+00
6.268289212978230829e-01
3.912857011127774509e+00
-1.810559923093639223e-01
-1.964828769664457075e+00
4.026558711306363336e-01
9.901424387325459264e-01
1.349529866525065458e+00
-1.822485547016309715e+00
-1.408649353645972990e+00
-4.735362399928370714e+00
-6.491110633903389715e-01
-2.291051444887740374e+00
5.919623803807334550e-01
-1.660629030778916659e+00
7.572756934062476297e+00
1.461942422743736980e+00
-1.443757250571665596e+00
8.304933906393829890e-02
1.492964155828073181e-01
2.027411136103197897e+00
5.101474761892820231e-01
4.619026835387553653e+00
2.341479154991345180e+00
-7.743085258656388081e-01
1.290614813625253987e+00
-5.383935021649337571e-01
-4.029311717602473975e-01
2.088339984861647736e+00
-1.571459622921255184e-01
1.563774764550751595e+00
2.011952181954939078e+00
-1.233598983332438781e+00
3.569754580134396615e-01
-2.366236198845383942e+00
3.549108179844819411e+00
-1.154233800961875778e+00
-1.168988154067972074e+00
3.284802808734095247e+00
3.649631389535498815e+00
-1.992914780247430351e-01
4.521649344815771299e-01
3.238846085522334661e+00
1.655078826556574345e+00
2.617019601764362768e+00
-7.560343234876071294e-01
1.620114368565859220e-01
-3.647722546199810179e+00
1.306935034894996184e+00
-4.130494549322938802e+00
-3.949453535887497146e+00
-5.953463898221941775e-02
2.837545921196398258e-01
-1.243371560234506568e+00
-1.865319018573722509e+00
-6.402665469443388879e+00
1.757623314590107455e+00
-6.073257997835870836e-02
-5.467355769589432590e-01
-1.919049870206787523e+00
3.945159113181683441e+00
4.300845935267560427e-01
4.922212563824914788e-01
2.785388148760917559e+00
2.243237581111452883e+00
2.172666155551576939e+00
-3.594328814193442856e+00
1.688340378265211772e+00
-1.098819967795036989e+00
-3.162781718392321029e+00
-5.070671988348719461e-01
8.248948219778406976e-02
-2.314266253084728664e+00
-5.249264274048313084e+00
-2.859550980386150965e+00
2.319810532315657703e+00
6.226831767879015267e+00
-5.148882162675777252e+00
1.564810805298308738e+00
3.304531134270428105e-01
2.006505834674427113e+00
-7.434156663230125917e-01
-9.179055182110307243e-02
-1.426061389404647439e+00
-2.570041526840827650e+00
8.543722667532589465e-01
-2.459677723233973268e+00
7.110998933922211274e-01
1.625412524075140475e+00
2.989763122580243238e+00
-3.928996600105767012e+00
3.340071550223708829e+00
-2.124911732030432543e-01
-2.569473105485307496e+00
2.836507165837617972e+00
-2.018770104654776798e+00
-1.230458773200088674e+00
-6.297241300820144438e-01
-5.856894814233072566e+00
2.210740160396569287e+00
4.339958830831865733e+00
6.546801284777087560e+00
6.494668148783460104e-01
-4.591404049205865867e+00
-1.272270436153837059e+00
6.119883091789157792e-01
1.631573518275658552e-01
6.940003813689711309e-01
7.675163307951704539e-01
-4.091346135364304359e-02
1.217011140050825446e+00
1.936960261982808573e+00
-3.159397215647851809e+00
1.940318440625244278e+00
-2.740618678203946557e-01
-3.299256748942878126e-01
-2.658533403153211960e+00
-5.327200996999097882e+00
-2.994935333658838017e-01
-1.346612903239481351e-01
2.648783405166799554e+00
-5.472679640417365654e+00
1.563530265613318981e+00
1.186387604048043221e+00
-1.400238581158963047e+00
-2.328588952575190163e+00
-3.534607526282441015e+00
6.418029837406634686e-01
2.229956588653653204e-01
3.756743320339746450e+00
3.790030663149784651e+00
-2.789883173418911122e-01
-1.592847766379613672e-01
1.063789529867703587e-01
-1.901285473329815900e+00
-1.394945022707848314e-02
2.928712762900195776e-01
1.207074980031756839e+00
1.353069168205307982e+00
-9.532699810307321275e-01
1.486563973082098089e+00
7.342549491373752346e+00
1.703707486689441275e+00
2.339256630153331962e+00
-1.504081331505806585e+00
8.951159841121298921e-01
3.982250960280878438e+00
1.300856668783013426e+00
-1.934489001202992497e+00
1.202785194267256941e+00
-6.644872951693323593e+00
7.478299808697830287e-01
-6.974461317439235586e-01
-8.607340193799351002e-01
2.287914279013518737e+00
-1.905507795775440716e+00
3.535781272421314458e+00
-2.245592170573549318e-01
1.814459113896614850e+00
-8.139717290924518567e-01
2.253269415403460929e+00
3.248127207027411867e+00
-4.143942474139627463e-01
-1.521966604993873373e+00
4.369006778007468839e+00
3.459151741943597536e+00
-3.245329063447416562e+00
-1.925060506660484450e+00
-4.657508811033152618e+00
-2.891925262272787567e-01
-1.234990411205179495e+00
2.458318694155757989e+00
2.908893761171952530e+00
-2.441003616969872891e-01
2.674797361561385589e+00
1.181968505513621315e+00
1.266003217052195318e+00
1.850561041860946609e+00
-4.421072200783406458e+00
2.484799153541566774e+00
-1.334753921572941371e+00
-2.558850614602852680e+00
-4.432756003305174275e+00
1.057403173034421329e+00
1.915028923610315292e+00
-3.174058127168714272e+00
-5.562021014704847666e-01
1.622655320464676532e-01
8.699962060292462107e-01
1.409272960485838277e+00
-9.762200121680207232e+00
-1.919531053501648765e+00
-2.297082238343436167e+00
-6.197951885947734496e-01
7.461389036548476961e-01
1.605032519951024028e+00
2.709409641870103691e+00
-1.564034550335569040e-02
-8.901809982116458686e-01
2.549003797182587849e+00
-1.373336298075741313e+00
6.364716936535216085e+00
-5.782515803686089084e-02
3.384329283937583810e+00
-6.312026684801806731e+00
-5.233686940275412702e+00
1.491626843877567943e+00
-7.556320721872100687e-01
-5.879166964405349027e+00
-4.958508727701870455e+00
-3.817955992544513899e-01
6.214157409856444492e-01
3.653824145006139279e+00
-2.581813524991394715e+00
-1.325753653831540868e+00
-2.955312606760001071e+00
-2.643700643558710150e-01
-1.457257084380307322e-01
-7.334237173220752304e-01
2.211314021142732678e+00
-3.424795105170099774e-01
2.512572368347795404e+00
3.694961299911208030e+00
2.625381149491881061e+00
-3.901558322013609637e-01
-2.938872156000284175e+00
-2.751571782193463989e+00
6.795226583144242660e-01
3.981270068232248160e+00
1.281822316189902056e+00
1.340070890058733810e-01
-3.116253700342262345e+00
-4.472472639383871851e+00
-2.754299034365626397e+00
1.034000524725818826e+00
-1.980834467565639967e+00
1.996337918186310123e+00
1.498505791501068884e+00
3.437846302349878425e-01
1.403408428522606055e+00
2.422501106501918855e+00
-3.242394022581251534e+00
5.792250591552569050e-01
1.438755270712965828e+00
1.942231081604445242e-01
-6.004082482210499450e+00
2.425425870094423342e+00
-3.329257103346131563e-01
9.992890256807100968e-01
3.782681170041031216e+00
-1.042304759428451383e-01
2.865856798952015172e+00
-4.209683388274446436e+00
-2.238011463899456821e+00
3.072093815762868552e+00
-3.075788439293625665e+00
-4.640803827068863963e-01
6.021255632817712478e-01
3.439392010182977799e+00
-2.634254088505884717e+00
2.866200570542879245e+00
6.473996657755581863e-01
-9.731860932220399718e-01
3.855469097215833862e+00
2.527370951941956712e+00
-1.496873070629578084e+00
-2.525886575178025728e-01
3.973340274618964330e+00
-2.571890378450898407e-01
4.190122712173434572e+00
3.318003992478629094e+00
7.880419592412154506e-01
-4.503632973214148905e+00
3.068829290902522544e+00
-2.404068319042389490e+00
-3.239801228912831954e-01
-1.901233769857982203e+00
-9.500521813293775208e-01
1.059712951206703280e-01
2.031082003271712733e+00
1.241318849519892797e+00
-1.851489100471134464e+00
-4.931436193968728787e+00
-3.830071757492598539e-01
-2.950178738746373486e-01
-3.030175868192678923e+00
1.577138761606034834e+00
3.033920642183455030e+00
-5.133855694229598754e-01
5.434616102777970470e-01
-1.987043405324772971e+00
-1.450474793970557563e+00
-5.842942250224862910e-01
-3.430272083177897002e+00
6.035815164036949731e+00
2.012378424207511785e+00
-1.154533255611281062e+00
2.140314886257196569e+00
-3.457805051644291083e+00
6.274521746721396509e-01
1.954739105193514126e+00
5.784936489233631907e-01
1.764427974436716395e-01
-1.473081058915092889e+00
-6.505891624706520160e-01
-5.141629234212171440e+00
2.293213798730644903e+00
-1.315700367933107628e+00
-1.251611342417117800e+00
-3.373036078154932227e+00
-2.453970115863861601e+00
-4.509080146738178030e-01
-9.731823810310324951e-01
1.319753598803223404e+00
-1.522703854919047473e-01
4.185309694645160228e+00
4.276472189128729617e+00
7.355387935981739789e-01
-9.373185773023796630e-01
4.361345750071168759e+00
3.127681299869700560e+00
-1.915353672724721790e+00
-1.484797784308946600e+00
-8.020314578140718131e-01
5.627548842796766593e+00
4.648466714214960938e+00
7.400445556920141055e-01
-1.725395352594053078e+00
-3.505867678993860093e+00
1.152591971043396502e+00
-2.561675836529272665e+00
-6.955822594665392877e-01
-3.695857703475783573e+00
-6.116966227789746746e+00
-5.410641285727429306e+00
-1.982607432798552116e+00
1.995902322715007005e+00
6.664479048220435242e-01
-2.161776635376763789e+00
-7.580776009737557608e+00
4.060681332486810291e+00
4.597116617032250829e-01
-1.676245079826190976e+00
2.094548611436928276e-01
6.736963008440183032e+00
-9.212236086435536819e-01
-1.619121677463203068e-01
1.077045923174181574e+00
-5.249186436617636176e+00
-1.475530305014435495e+00
-3.220925905257253419e+00
-1.331542434871906710e+00
-2.051938582403521227e+00
-4.640450549648988954e-02
1.299177931367978100e+00
-7.694347955438039399e+00
-3.940530474075302880e+00
8.233990036408845858e-01
2.260663849440138762e-01
-5.469808169526770847e-01
2.607502258314371879e+00
-3.139702255521017893e+00
3.222318277943294618e+00
-8.709727347600010328e-01
-3.692402577350456516e-01
-1.127090192100292265e+00
-1.512379765419550992e+00
1.000052469249289366e+00
6.090809639388423680e-01
7.177771006109054941e-01
3.936059766287423933e+00
2.205379363456507757e+00
2.809891855765132895e+00
-2.139397854801456944e+00
-7.423342482481178894e-01
-3.352484475963024568e+00
2.538750806003137406e+00
-8.248559846672028906e-01
-2.084909950502885079e-01
2.384178515460064318e+00
1.481684995860024223e+00
-4.154854187755694817e+00
2.107283751748837641e+00
-3.414046436869948575e-01
-2.269620458968981236e+00
-1.063330226107083831e+00
-1.594566472169807625e+00
1.929223705447021597e+00
-2.171451219652847264e+00
3.953064225469040238e+00
-5.268329702457054786e+00
-1.212731128866487040e+00
-1.648429500360705013e+00
5.900853728848209023e+00
5.177524604624911264e-01
1.005594931676944359e+00
2.733217437310374365e+00
-1.416257677178793362e+00
1.765925116166805475e-02
2.857082937153699653e+00
1.614198638585023771e-01
-1.422802019274131746e+00
2.785119216857785407e+00
8.454546431015366181e-01
1.401001165678079863e+00
-3.539521731083794975e+00
2.157854721228829487e+00
2.189098647714129431e-01
-8.424572947922779331e-01
-1.656402693207859489e+00
-2.134264766476166919e+00
5.575722360595656291e-01
-1.455273129048791914e+00
-1.668548287074541836e+00
4.195874588894492163e+00
-1.810024226598664576e+00
3.841242024216451334e+00
2.844501142838572472e-01
5.232423311421274814e-02
-2.161432981592161351e+00
-5.056343225887211190e+00
1.949764692688007450e+00
-6.192617941064536780e+00
-1.696714796653733481e+00
3.693493408107929810e+00
-4.677626001552485313e+00
5.149809622593138236e+00
3.009636274538233902e+00
2.502605684773864692e+00
3.616750804599912605e+00
2.734880197253006351e+00
1.649680292659029490e+00
1.637245681613737069e+00
1.574512264881655632e-01
-1.248858545580612933e+00
-1.143374725556829175e+00
2.654424932265268655e+00
6.324028834830554002e-01
1.069689583475270656e+00
3.056748730918973145e+00
-4.429594454355881616e+00
-3.967978304900601216e+00
4.124827259460582818e-01
-3.227118124806152899e+00
2.031676476443978530e+00
-2.010988259403701406e+00
-1.408155174456289904e+00
-3.262313683794542563e+00
-1.855665746407003436e+00
1.516830903635273953e-01
-1.834918200890955031e+00
4.461250852970092828e-01
-3.260416658633125131e+00
-4.812346815260683641e+00
-1.681248990677962074e-01
-2.023061696010877153e-01
-2.843572253555922913e+00
6.305478036257667895e-01
-3.365575036624999239e-01
-4.448461963536960440e+00
2.543951978762667210e+00
3.823646900696918483e+00
-1.179313308865470145e+00
7.000936761329424884e-01
-4.721570617816173154e+00
2.817504304309717877e+00
4.698578855080712269e-01
1.501527793149991297e+00
7.174174128078675272e-02
2.531181504653919667e+00
3.291685133002514974e+00
2.596591891018279696e+00
2.652807371877765608e-01
2.392043517993299950e+00
1.715308578077204160e+00
-2.576328321029492052e+00
3.436261547998780141e-01
-2.752991967999889322e-01
3.419562635413010421e-01
8.290259546363287768e-02
-3.325822513284819593e+00
1.947041280001778452e+00
3.887517543994609692e+00
1.894684253090683779e+00
-3.428461863640395180e+00
9.380645996595189384e-01
-8.934403869726377234e-01
5.060421097021585268e+00
-3.388232221378634001e+00
-3.947662827419518905e+00
2.123466692932443500e+00
-5.004743324550481987e+00
8.160956553237403988e-01
1.927309581601672317e+00
1.965215790313254995e+00
-9.221855824413938141e-01
-3.440933971607315733e+00
-3.840004539462738009e+00
1.240144435740021089e+00
-5.730737391627092059e-01
-8.911893746479916389e-01
-1.627144322049883129e+00
-1.003053220392305711e+00
-2.144315914124314659e+00
-3.518592733621467517e+00
1.578142773432563262e+00
-5.075920924584572447e+00
-1.779990877186713671e+00
-4.022115035096890168e+00
8.703769628660844582e-01
5.318760986642091515e-01
3.824974271776657719e-01
-1.008079265332607388e+00
1.590252777922527949e+00
4.527157063986671837e+00
-1.206650912786290997e+00
-2.996693242482648678e+00
3.665438385656959452e-01
-1.664317314397301129e-02
-3.869195639399362063e-01
-5.513102359225493521e-01
-7.652437425644551539e-01
-1.505358997645500629e-02
-2.133501364515702825e+00
-4.037561506957642266e+00
-2.058051176987011122e+00
8.861206693016581148e-01
2.612567456607019167e+00
-1.787588081357022629e+00
-4.392350361510656498e+00
6.070804314337231666e+00
2.777792923891354793e+00
4.100843360431557727e+00
2.278145636873808222e+00
9.318940746907222739e-01
6.876601277773789489e-01
-8.343070596599817534e-01
-8.012480173956523233e-01
1.240226445714299963e+00
-3.978504686461237227e+00
8.728463282720715366e-01
-1.685305989389360715e+00
1.794480118994322915e+00
-2.521613923457684425e+00
2.025414990578817687e+00
2.271441521236052807e+00
-2.776310959617625418e+00
-3.292641646486478280e-01
2.763259042468410254e+00
4.804582883601735688e+00
1.518738605048465695e+00
2.225115504358669227e+00
-2.798083272911764396e+00
-7.097274960539651234e-02
-1.602637296319842530e+00
1.047282191379636851e+00
-4.882513490890064922e+00
-2.277157182600228147e+00
3.131115505508272889e-01
-1.362327727159363899e+00
2.777280724413788260e+00
-4.002127505597179891e+00
-5.992831405241252352e-01
8.787049740550114674e-01
2.360591676261537764e+00
-1.909903664191283656e+00
1.471986653059816685e+00
-1.970188189406304913e+00
-1.025073752907973201e+00
4.481027162863288282e+00
-6.183871243052998512e-01
-5.610872179301885865e+00
-2.489558227999271622e+00
3.052915950622744345e-01
3.034187714979992290e-01
-1.870243382281615130e+00
-3.452182114907950794e+00
2.404308362562164625e+00
8.914607875894777766e-01
-7.478061211416319187e-01
3.531144376256704298e+00
-1.689792699095449713e+00
-1.134561323128058907e+00
-2.138294276444275610e+00
9.429095939534658521e-01
7.536993400565662471e-01
-6.517721611481506194e-01
4.588241864520027136e+00
3.656777021706405950e+00
1.145480493674089217e+00
3.535744923074103152e+00
-1.297905867486134568e+00
-3.536994856139788812e+00
8.463729545522429287e-01
-1.210273132102216209e+00
-3.102243639548282417e+00
-1.063102936261814124e-01
-8.097691862495051129e-01
-2.193679016359907141e+00
6.483040632784753399e-01
1.116554637172163300e+00
1.985031331525718201e+00
-4.047646349628570839e+00
-3.735218442893557089e+00
-6.694610106774904201e-01
1.320735490870063311e-01
9.253903867169011033e-02
1.203222086014054781e+00
9.528808002994955118e-01
2.606677306997092769e-01
1.044432599125032946e+00
-6.080007677627770946e+00
-2.632314220410505889e+00
5.301792903205488017e+00
1.575121551922632923e+00
-2.580641554983030161e+00
1.231050412464774535e+00
1.453805219800313742e+00
5.437500823890566437e+00
1.805900583833030648e+00
-3.163314337014924149e-01
-5.012777928188238086e+00
3.578357884910809528e+00
