1.846633317449049017e+00
5.267156105456949344e-01
-8.449691539315549171e-01
2.315794674748646198e+00
2.661610496138621773e+00
-3.150471176357322989e+00
-3.603754513291803629e-01
-1.304316255517085743e+00
2.582392812902557289e+00
3.053127151463292943e+00
3.315560881565368323e+00
4.585907137404192646e+00
-1.252211302426028183e+00
2.676746643541720427e+00
2.662251477302921998e+00
5.535532608238937780e-01
4.667637165601951743e+00
-6.930981837278329394e-01
-2.170842545974065008e+00
-1.499013711226448109e+00
1.694015889336160541e+00
-2.247781905011601467e+00
-2.108193599955291653e+00
-1.188700184582011765e+00
4.371502735422953201e+00
4.162490682781989637e-01
-1.150618549452766537e+00
4.543702246262493194e-01
-2.000498486227418216e+00
-1.050449550709537494e+00
-1.765494106145480968e+00
4.935199377483170391e-01
1.495295510522258953e+00
2.226477872807873570e+00
1.872671556963301898e+00
-3.155179339766276847e+00
-3.456697104810440457e+00
-2.423441047052841135e+00
1.367540167764587533e+00
-7.149243490771608478e-01
1.272556408267217609e+00
4.615350567838681251e+00
4.684572833639554901e+00
-1.315917855628756072e+00
3.708516786889320294e+00
7.783675159012715117e-01
-2.972394434335084434e-01
2.344022968162866316e-01
-1.273006134790425570e+00
3.207423303875229337e+00
1.364855602293002290e+00
-6.429398479500352259e-01
3.307422579534000651e+00
5.107926131490372335e-01
1.168374317746612601e+00
-1.502140059469720956e+00
-7.372516483980307012e-01
4.743639502523406826e+00
-1.426060458863658287e-01
1.247394092702822643e+00
-4.132654239178353173e+00
-1.217583859838618832e+00
3.391387590075644720e+00
-8.393290745310162393e-01
-1.491531526154836751e+00
-1.075637650920975297e-01
2.771080051136928790e-01
3.367154221100971956e+00
-2.627680416441164457e+00
3.933407372729556428e+00
-9.293559478740331947e-01
-3.010414177398815117e+00
6.833766214954867246e-01
6.888989235083529117e-01
3.043237392766898974e+00
3.711798800109904484e-01
3.978260135419029897e+00
-6.695594200385894812e-01
-3.964986436607873088e+00
7.159683295011295634e+00
-3.184389636201924390e+00
-1.943649355030848680e-01
1.706817017674818526e+00
-1.308490981314522017e+00
2.978054713425442035e-01
-1.857135379244185536e-01
3.471398447142610699e+00
-2.619243269139344577e+00
-2.547488929061724194e-01
-3.919498102319062038e+00
-1.958292206469770536e+00
-7.226440196956649409e+00
1.113761953395125293e+00
-1.338077922438019929e+00
3.157557486294419458e-01
-1.140691587041818167e+00
8.803466360458639395e-01
1.978560691605161681e+00
-4.165397492730766871e+00
1.726913144748391193e+00
2.312344209725814004e+00
-1.562522586508715561e+00
2.468938855572556879e+00
1.810769717387299638e+00
1.179354985681304147e+00
-3.283301999852529240e-01
-2.022252173426807076e+00
-4.571055408176685653e+00
1.930787903937534189e+00
-6.440109177759635095e+00
2.601320754643354327e+00
3.238015997068149243e+00
-6.277531613411966305e-01
-1.974518632379204330e+00
-1.235240500133582442e+00
-3.162592822402901405e+00
1.166837244190809031e+00
-2.049334977787040213e+00
1.531427820544572160e+00
3.581677833599528959e+00
-3.113800130237186270e+00
-3.070180453399419918e+00
-1.937511608265668483e+00
9.982765150062249404e-01
-2.553762141139515940e+00
-1.971205994288389274e+00
9.697796071225630588e-01
-4.483299688525902660e+00
1.529660184628637509e+00
-3.098670918613338099e+00
-2.884413975691517695e+00
4.102580688428744127e-01
4.443210020092906554e+00
3.018116776897102227e+00
-9.471863690782531542e-01
1.541605566864750587e+00
4.785425565676578508e+00
-8.091353510319454490e-01
5.800342362830773979e+00
6.711767078114376783e-01
-1.140830210775731213e-01
-1.204016696480653126e+00
7.753816834338422836e-01
-3.295159592331354581e+00
-8.971566585230328350e-02
6.557946325852214153e-01
2.058127332130816889e+00
-6.835839735865032019e+00
7.805595140407712851e-01
-2.083637332234427042e+00
-4.239130316367123008e+00
-5.061780436239615710e-03
-1.139496378415033595e+00
5.364229152145183477e-02
1.074833835919062786e+00
-1.418673987357388588e+00
4.630183007698427389e+00
-3.499766175001146173e+00
-1.191723103101074654e+00
3.785507202196843224e+00
9.713497765095995273e-01
-1.788703404065442149e+00
-2.554589707273629440e+00
6.145897849451076311e-03
3.606635518729234491e+00
-1.924555410909394748e+00
-1.625093201537521237e+00
-1.306607585258213522e+00
2.260218901739897035e+00
1.481658417494261748e+00
6.968710050270179868e-02
2.728311458621852648e+00
-6.829647801901719273e-01
7.302355185444772800e+00
-2.142612463316830862e-01
-8.572548168171185701e-01
1.916616951608635322e+00
-1.900609945521009037e+00
1.162379991408354130e+00
8.524918707084561120e-02
-6.682986114520155230e-01
-4.636420023977219085e-01
-1.982618991146613219e+00
-1.329390045160188993e+00
-1.669824755882413747e+00
-1.145126632385563559e+00
2.670542055478548171e+00
-3.024428960709562020e+00
2.613866288757771272e+00
2.818956235006966793e+00
-1.822221200303235200e+00
5.131030876218513725e+00
-1.443418434551703822e+00
-2.631571569396068178e+00
-4.094481522529080486e+00
1.652208720544538600e+00
9.902271052869533463e-01
-9.686995649410311549e-01
-1.548914565009407163e-02
-2.967451648935800268e+00
1.389880533389663331e+00
3.159352960095996865e-01
-1.089908577709002957e+00
-4.653262224602931596e+00
-1.828109989451967454e+00
-3.964667028493497725e+00
-3.089967546485755889e+00
-1.479425033068348716e+00
2.133803608761132509e+00
-8.218022517767160640e-01
5.459544738516135531e+00
-2.085820406861266463e+00
-7.928889288503501165e-01
2.423671808651605808e+00
1.116303160065932110e+00
2.331856269434022355e+00
-7.252089472586021879e-01
2.407656518657766975e-01
4.369944079977492457e-01
1.313221398283627606e+00
-5.817399539761289873e-01
3.257518948804047021e+00
2.866357535320070316e+00
2.426023853178849166e+00
-3.833503582489869999e-01
-8.802363714880878653e-02
7.286956873964187675e-01
-4.503711530254731477e-01
-1.180244016061191559e+00
-7.220363170254342933e+00
-1.246359681028778477e+00
4.856088381289355382e+00
3.617362826119255637e+00
-1.155984482235114408e+00
-3.805595962172511282e+00
2.133948699385515568e-01
2.251652998148625073e+00
-1.430490890392955405e+00
6.523907784139520771e+00
7.391154659549024064e-01
-9.077170477761677958e-01
-1.586827065156160010e-01
1.337882156145140611e+00
2.042743558077519062e+00
4.197262061490228957e-01
-1.309115363421506473e+00
-8.208692148127112731e-02
-2.780451795990322772e+00
3.553925808036063394e+00
2.945553675901636304e+00
5.414622516002355113e+00
1.816838022054583890e+00
-1.143081950289396020e-01
1.113846200645502993e+00
1.375054126839275526e+00
-3.844289791029024350e+00
4.120220389308443032e+00
-7.758826445994757570e-01
2.644625108914596456e+00
-8.278122329854733508e-01
-4.050048509292942356e+00
3.078000292640901137e-01
-3.111427618309872134e+00
1.791694700365427106e+00
-3.942735413976119041e+00
