-3.529427066179746664e-01
1.423802317977644449e+00
1.004785329287049400e+01
2.030554562405577634e+00
2.603686054148168338e+00
-5.628259622529480311e+00
-6.291591593683653061e-01
-6.206866181622213929e+00
1.149796275103797427e+01
6.177719195347563641e+00
-6.845674719490330240e+00
2.995177568139459900e-01
-7.411577592188191232e+00
-1.820831311862731949e+00
4.340463809356761016e-01
1.038655603471096356e+01
-1.775494884807196971e+00
-1.135197069230217082e+01
-5.451818636327990575e+00
2.068499770391904136e+00
9.113636038805029926e+00
3.694699969904111647e+00
-5.348516119454005846e+00
4.685437449230719587e+00
-7.361838346538778222e-01
7.482372766269380193e+00
-2.294603852074267869e-01
1.976221440663890938e+00
2.404452835042659498e+00
7.793521404312009793e+00
-1.200250164545354892e+01
-2.828346372142407361e+00
-1.410700349410000776e+00
1.831448113469700267e+00
-5.222821271503743645e+00
7.561910399252759873e+00
5.544856007161319766e+00
2.048595034282373550e+00
-3.770630056090870319e+00
3.567731298674369445e+00
2.763251246068879396e+00
-2.013282830921566458e+00
-1.855547700200825600e+00
4.885087024416890245e+00
5.503007710852143575e+00
-7.165762446823675802e-02
-7.127219433615149313e+00
1.254701846315136748e+01
-5.112184814025775736e+00
1.923004905414691823e+00
3.544685469120367749e+00
4.426854076600879928e+00
-2.691542791139524216e+00
-2.456431962912601907e-01
-2.657101677300467202e+00
4.724340140159224433e+00
-1.094637732060397273e+00
-3.964201488125982387e+00
1.841043799865911934e+00
-1.150315303581319615e+00
-2.880462990717791882e+00
3.194796333974469604e+00
-1.635295502264643819e+00
-6.650284310837475399e-01
-1.896962207769326891e+00
-7.042936177381898588e+00
1.544780594004435958e-01
6.616611092167875796e+00
-4.992488860175257614e-01
-7.282558862866983063e+00
-6.448874293842715488e+00
3.054967749300844915e+00
9.617194856571405381e+00
1.471064676127174842e+00
-8.250427950580920822e+00
5.320758137928450537e+00
3.865690577844829723e-01
8.528297611931090927e+00
-5.399223704295467385e+00
7.820849399171292404e+00
-3.147519487586779796e+00
6.726833210745522429e+00
9.579931637294110125e-01
-6.648676030172882889e+00
4.239987844829153474e+00
-1.112415795725458345e+00
-4.070416224438002106e-01
-3.338996906384759988e+00
2.959257785312147782e+00
4.320128757484646975e+00
6.436530033550450725e+00
-2.204176578567301092e+00
7.322411493375811986e+00
4.402926780089206460e+00
-5.192635519749864592e+00
-3.898951622093952629e+00
3.881729913759518702e+00
-2.600521403781798302e+00
6.490091231343324552e+00
1.658811562045673149e+00
-4.459570910180065795e+00
4.872471146739787429e-01
1.113169600276079052e+01
-1.078686374078252186e+01
-1.923252742340103350e+00
9.634750341426958187e+00
6.582828398729101416e+00
-1.414789853260575825e+00
-5.301285613380432693e+00
-4.495667190198728846e+00
3.664255741739015804e+00
9.552990111112615423e+00
5.721154321760621997e+00
-6.958693703574553524e+00
4.850996290421734969e+00
-8.077665761090297991e+00
-1.431276928872434517e+00
1.540731410885596953e+00
-1.654476779346495174e+00
-4.088014010439679602e+00
2.527714023274981958e+00
1.582620105882248662e+00
6.045962736069028232e+00
2.909971980450798412e-01
3.251719070755332286e+00
2.445231309219920490e+00
9.169585198815200400e+00
1.870645755784512698e-01
2.475722320398199283e-01
5.142960239843210601e-01
-1.644731120257497681e-01
-6.285752046087004219e-01
-9.264850989306603335e-01
-7.448733727223920909e+00
-1.278182423917066268e+00
1.647498241509877115e+00
-1.224993216560051756e+01
-6.062233417114324396e+00
1.309173668814789249e+00
-3.431684850666908426e-01
5.376855733050981412e-01
8.117388138584290758e+00
-9.217356234142902727e-01
6.578210944725239706e+00
4.956084148470758066e+00
5.317277278856086475e+00
6.853520568734133178e+00
-1.485266307103350236e+01
-1.958771395757589406e+00
-7.868793706173743630e+00
-5.295941619522646526e+00
-3.344218067272636041e+00
-4.636572113403627071e+00
2.660471448452278231e+00
4.255882290554023228e+00
3.339770067111103913e+00
1.571525143884783926e+00
7.959574190010130224e+00
4.943170367552868427e+00
-3.169164676356063248e-01
-1.444054954659015788e+00
5.250802308557478426e+00
3.868343016555610525e+00
2.488364857610830594e+00
-8.630216072162486540e+00
1.959325180106126219e+00
-6.399693495590096148e+00
4.794598327074242050e+00
4.489133273343038688e+00
2.741928280191202605e-01
3.327343866372668657e+00
-2.127953572306571783e-01
-5.572569496124180510e+00
6.436215063324699948e+00
-3.567842830453984426e+00
-3.930981922295773145e+00
2.476151890541447020e+00
5.340734953500222204e+00
3.522375952445405911e+00
3.067990817803257997e+00
-2.795631245239477813e+00
1.166611508220321802e+01
9.487554986113011068e+00
1.098423551163534739e+00
-7.683193762101445223e+00
-8.261959918029091909e+00
2.247479980569201619e+00
-6.775936549300972445e+00
-1.593423219545567537e+00
1.451615543096051475e+01
-7.661973206674595360e+00
-1.317715183131478174e+00
4.574391290465520399e-01
-2.339491003279400960e+00
-7.166616071038021119e+00
6.162443289455955764e+00
-5.406693725848560561e+00
3.409687126102591836e+00
-8.133684657943108576e+00
1.203401545005642337e+00
-4.632244516690757763e+00
2.803242153223880706e+00
1.166726095578889755e+01
2.602720999687000991e-01
-2.952227184874996802e+00
-3.434337696670244355e+00
6.260051051487348417e+00
-8.346615586529045672e+00
-6.561169910249793347e+00
-2.155817547786657684e+00
-4.500979251344945808e+00
-1.092342644329333812e+00
1.307835236273098722e+00
5.681656731202904709e+00
-6.029734293203256712e+00
7.679082084149162490e+00
3.004527127493665795e+00
4.185377314796424386e+00
5.245273581023022658e+00
-5.414548373211920396e-01
-1.296938456457499989e+01
1.336842257695799674e+00
-3.378384800645637398e-01
3.754536918714643789e+00
1.077046694195000498e+01
-3.189747350671908066e+00
2.111098561045814392e+00
6.084044906224404414e+00
-1.306292219552033451e+00
1.720600264477618158e+00
1.003174610070092898e+00
5.778089076741390606e+00
-1.295978553183734894e+00
4.301491194872498980e+00
6.970651064711872458e-01
1.006169303624368006e+01
-4.864948948887866109e+00
-6.587996525104379941e+00
-8.579325012778038495e-01
-2.677715762654733211e+00
-4.100608254342135162e+00
-6.119852373587054473e+00
-8.928675109250603370e-01
-3.765698600088123627e+00
9.637232124092029451e-02
-7.093108372405587225e+00
-4.368198860136317307e+00
8.723020902671858590e-01
3.243042266455026912e+00
-5.102002356526391225e+00
4.837614738386751156e+00
-3.522475836412073846e+00
9.465808752288287220e-01
-2.688207210128429558e+00
1.151181351271197073e+01
2.926545188778046036e+00
-5.070616381979313303e+00
2.615629805305224043e+00
-7.435474323018564036e+00
-4.770601025434354270e+00
-5.988227989138627194e+00
1.762346791516358868e+00
4.421989504909829449e+00
1.337384489501667995e+00
-8.248634962795795555e-01
