-1.056089771052271420e+00
4.683158210227478691e+00
1.290310478981461673e+00
-1.834736085150202367e+00
3.486947744540472627e+00
-2.820779729967373584e+00
-1.024662836231753804e+00
-6.689175087940348874e-01
-3.229298134079875204e+00
-4.021025112215279584e-01
2.073122242980253382e+00
-8.350199974979539697e-01
1.639584257214538932e+00
-3.379202654634416270e+00
-2.069497403508990807e+00
-8.502307077193383966e-01
-7.188142927320692599e-02
-3.681157080503219881e+00
3.083039040962453736e+00
-1.334840601652020897e+00
-1.224852965323175447e+00
1.260837445202453777e+00
2.015234227996145933e+00
1.796284761139679054e+00
-9.453842925102520223e-01
-2.020018025290532204e+00
-1.152160703078608961e+00
-8.337727724076839930e-01
2.582944947735386521e+00
-3.160571579867308412e+00
-1.639256336240956458e+00
3.105730995056402932e+00
-2.922142571841005454e-01
-4.759049650070261706e-01
-2.036591169248253230e+00
3.058900148456428880e+00
9.164210841328042090e-01
-5.446237615265798748e-01
-7.232425732784241168e-01
1.612932231118299864e+00
2.246045012674447339e+00
3.744933939767003839e+00
-8.468587366940790728e-01
2.148419002478740847e+00
-3.914335236002305152e+00
5.731428814058434629e-01
-1.662829152795937349e+00
3.931752371220506026e-01
2.410090147860437071e+00
1.719350973400421978e-01
2.469679714641098700e-02
-3.408597861207169899e+00
-3.572155836194842671e+00
1.925420037635261705e+00
4.161625592011174213e+00
5.127618548270755028e+00
-4.516930706856392419e+00
-1.718514196313439157e+00
1.342511545472590662e+00
-8.325448098783427842e-02
-2.051301684235215639e+00
-1.979610500757956526e+00
-2.935652314776370231e-01
3.857924276643268868e+00
-3.949988015893510923e-02
1.565686177655498668e+00
-1.772625969748871100e+00
1.866689276512766948e+00
3.591160011968494103e+00
-2.551120564362403975e+00
-1.045083351639006786e+00
-2.514176479824211441e+00
5.812879312544046995e-01
-2.959865925228548189e+00
-7.541702643638195092e-01
3.368272547205048539e+00
1.296298818093856831e+00
1.276596647825154918e+00
3.045440058223049640e+00
-2.391624451577462729e+00
2.033159331814566873e-01
-1.558052488180243333e+00
-8.674434158280173168e-01
2.566858573190766712e+00
-1.346831238077982551e+00
-6.621979363016334830e-01
-2.282685861827035367e+00
-2.265470937585301492e+00
-1.749869732579416026e-01
3.944760327258635346e+00
5.238013815981761301e-01
2.209520439407272718e+00
-2.648284908069589605e+00
2.576682755022572824e+00
2.079652179870313589e+00
-1.750034314185616724e+00
1.062179268809898325e+00
1.073118398058221068e+00
-3.160794693503172326e+00
-1.872164769872675993e+00
-5.996719078074164849e-02
-5.525892513010925100e+00
-2.678197063119047705e+00
-3.797920745631786055e+00
-2.586430139369337411e+00
-1.739718213322426710e+00
1.613689951487832452e+00
2.076798597392764734e+00
-1.771925459510863554e-01
2.447112181344522241e+00
-6.194419047275898649e-01
2.097315805382535814e+00
-3.285652294843638188e+00
2.071352508614120680e+00
-1.654406610099542263e+00
3.332301272273974213e+00
4.481738403952142846e+00
5.841723208917548593e-01
-3.170957751641473088e+00
-1.423083969581403707e+00
-2.414312176036150781e+00
-2.125090072469397739e+00
-1.093091950726724937e+00
-2.621885817723641487e+00
-5.493356570508597381e-01
-1.171414352332633024e+00
-1.557044569226715858e+00
3.219685424423864628e+00
-5.959117898765518007e-01
-1.448707191873952915e+00
3.899672798142991503e+00
-2.337664103174224017e+00
5.158397396421398051e-01
1.606839390397093004e+00
1.192192641808063946e+00
1.836575056200369538e+00
1.866569181617077522e+00
3.151653181215362309e+00
2.004148073653560846e+00
6.789790292809836370e-01
1.222972327452223062e+00
1.317512909411006738e+00
2.199022831937842426e+00
2.417557506865672057e+00
8.200558488639253518e-01
-2.971378903551434858e-01
1.910641082430676541e+00
3.876145229348679777e+00
-1.876499059821938875e+00
-1.320502150618487969e+00
2.742768382518399051e+00
1.483073250363312612e+00
-4.924168579500632914e-01
2.152550400274527931e+00
2.853888511535960681e+00
1.815701192104043571e+00
3.066458379600413231e+00
-7.884829936336377187e-01
3.031732439444381200e+00
-4.724415537141501975e-01
-1.779653708811475443e+00
-1.873429834134888061e+00
1.512650503854286121e+00
2.555198689759660358e+00
-1.386634173235713252e+00
-3.748158467910608138e+00
-3.178908505821858910e+00
-1.033836344202283097e+00
1.882343074611979361e+00
-3.193052434571205023e+00
1.552512599600322618e+00
-2.454311123805672956e+00
1.282941772015897985e+00
-8.207136999143129774e-01
4.219180347635710371e-01
1.076354762518807684e+00
-9.830079503227330262e-01
-1.572215458067996785e+00
-1.651421001308832626e+00
8.602634324496124529e-01
3.004712330879100168e+00
4.282395847018646506e+00
2.024414367468561071e+00
2.717891283376783651e+00
8.490373339378940454e-01
-5.677346755108494847e+00
-2.464219276516080193e+00
6.682730007536479278e-01
-2.355041951194948524e+00
-1.241043740244842375e-01
-1.874628752306513935e+00
6.190050021546215087e-01
3.058016870961792755e-01
5.024777123577572890e-02
-1.171930675648827469e+00
-2.338424074619803505e+00
1.519281657634775629e-01
-2.492716542646274291e+00
2.876785883742963179e+00
-2.349163951843872944e+00
-3.191646134881835906e-01
-2.528615269701152357e+00
-8.434002612196791482e-01
6.748592980066695501e-01
-2.122254876840616866e+00
-2.718022260076799590e+00
4.380044493825590024e+00
2.473355604898681004e-01
4.405515549660066199e+00
-1.375310835549289568e+00
-2.340685517039772456e+00
-2.593582606435893556e-01
1.835332268875811579e+00
5.630893770007185939e-01
2.495568235608228491e+00
2.887654686195076259e+00
1.053578167038998536e+00
-2.398105747228207019e+00
1.772818435904320644e+00
1.198076666990741002e+00
1.523845178241920895e+00
-2.013854683432387827e+00
1.080909286825072257e+00
-8.919137896478994687e-01
-1.376641947034702440e+00
2.632904023174647890e+00
5.596591715499904529e-01
-7.154906480141762781e-01
9.033071559690664110e-02
2.952420510722737035e+00
-1.505845040829457693e+00
-3.906496503031410050e+00
4.835049204026217851e+00
1.786332652069879234e+00
-3.801308421538497351e-01
-2.804228489345777842e+00
3.803138156046916851e-01
2.233720460850389944e-01
3.557848439784550898e+00
1.625148971133722586e+00
2.845747611465172966e+00
-2.777345199491295880e+00
1.470505915408138575e+00
-2.113589251716497586e+00
-2.635753137262399903e+00
-2.771036948535203326e+00
5.753871352671033890e+00
1.718850622642073223e+00
3.766168858389116636e+00
-6.998402912897287997e-01
-5.106675196846621745e-01
5.359453461948262554e-01
1.488345167858612594e+00
-2.426175863103121166e+00
1.682357834730463297e+00
-8.724059299747422003e-01
4.183677628113953162e-01
4.844841060952674860e-01
-5.940681446773903307e-01
-2.609105534125807146e+00
-5.036314970134989633e-01
1.181899793256887321e+00
1.523027420627063311e-01
-2.615272250064516690e+00
-1.896284721909181403e+00
