1.583763632832207557e+00
3.843358844152295006e+00
-3.047313193414555421e+00
-3.354450325757422080e-01
1.922320943962848361e+00
7.624565383819303932e-01
3.616214233093751895e-01
1.761335031997806277e+00
-1.881274343643511537e+00
3.421259122199607372e+00
-5.487353430788877162e+00
1.176405917968810666e+00
7.333949696272794583e-01
-1.639931977425308274e+00
-1.584490837331786750e+00
3.557207366871931065e+00
-8.568932916138343181e-01
-1.280551811829643505e+00
8.656283588513107308e-01
-4.508372862611167986e-01
-4.626040986690447276e-01
-7.847407567482880264e-01
3.521569627264717006e+00
-1.569657249326672499e+00
1.863577461726933837e+00
-1.070390150939055651e+00
3.428495422693778605e-01
2.096623512969957304e+00
3.745856984867099171e-01
1.966787285494657977e+00
2.815243260144097537e+00
1.192515631433843509e-01
1.005929905846647987e+00
-2.658858622442433983e+00
-3.790008118225597133e+00
-1.019818347738653319e+00
-2.499844424714222413e+00
1.921416866004283630e+00
-3.444515179102418223e+00
2.278296446757510640e+00
-1.803292501106549539e-01
2.191113557320359284e+00
4.379426145376520974e-01
3.222712880542468739e-01
-3.919150568680698221e+00
1.673405930197295666e+00
6.391077624549408309e-01
4.898124166691570913e-01
-1.462235801118996648e+00
1.269672787548048909e+00
1.960319765939492420e+00
1.881137360263601011e+00
4.785996138247344822e-01
-1.129471244566985444e+00
9.760608729984796561e-01
-9.704215582827219189e-02
-1.787120014297474135e+00
-8.909511971091150784e-01
1.941072534599960653e+00
-5.864309016738136204e-01
-1.441057420360479568e+00
4.403867521815751473e+00
-1.963875171188592894e+00
3.181001268732029930e-01
-3.254209140949875234e+00
-6.574223423918530429e-01
-4.670410018214165015e-01
3.202399761493659458e-01
-5.863271824843288016e-01
1.261070012008183916e+00
5.930864149381631645e-01
-1.729356124786505244e-01
-1.176032189012224283e+00
3.943806163702245904e+00
1.922059720477836908e+00
-5.316353802062415701e-01
-2.557364487976944822e+00
-1.587847688773935229e+00
1.258921447325825227e+00
-3.159877505567725731e+00
1.757201673797698760e+00
1.447742640526051172e+00
-1.897945943102180788e+00
-1.190226875200993018e+00
-2.721846272585200843e+00
-1.371820850511129120e+00
-8.051034790547167974e-01
-3.511590105771069226e+00
-1.608087065010664451e+00
1.949323952719292929e+00
-7.300025087074221153e-01
1.240251210484695221e+00
2.616071046068685568e+00
1.237548610876724187e+00
-2.497944913663022071e+00
1.924173905890291358e+00
-1.788336159243955059e+00
2.209948379116635664e+00
-1.306467079240849483e-01
1.094989989122240992e+00
1.793754140035251021e+00
2.729826091371009511e+00
-7.143298913162046127e-01
-2.251759882475742880e-01
1.611769492226936773e+00
-1.485601564310174094e+00
-4.114451563269970080e+00
-9.364983514895360850e-01
3.704797782653670879e+00
5.123051540983217578e+00
2.550255793731980525e+00
-5.534184088870697238e-01
2.742692611800348956e+00
-7.231919206560426527e-01
3.734338494995432356e+00
1.959361633685143378e+00
-2.275213853373629469e+00
-1.679488594797462042e+00
1.153011146913145990e-01
2.642047974629575080e+00
-1.742626970430956490e+00
-1.942783688438597944e-01
2.389278610197811958e-01
-3.389766740342978757e-01
6.383550097054282446e-01
2.256310764099048072e+00
-4.268190875945872875e+00
1.957046769683203902e+00
-1.511485112208465154e+00
-7.637687414096903105e-01
2.263570906669218452e+00
7.522309366737270908e-01
4.586481275350454134e-01
-6.492237276290517833e-01
-1.656872549601991818e+00
2.702668882969408770e+00
5.535285894650188165e-01
3.662582110717599093e+00
-2.785150232111291757e+00
2.009209524960569482e+00
-1.083735853087474332e+00
7.559574531941448683e-01
1.643420382055684525e+00
1.051360469665043595e+00
1.848332458426911185e+00
3.659726437629678752e+00
1.898556439996275991e+00
1.383593450354930532e+00
-1.725174289394959537e+00
3.235600403008042747e+00
1.654785123951385106e+00
-3.826036799006471867e+00
7.493973494827166348e-01
-6.710526067086384217e-01
8.159040762270960423e-01
-2.057595569474687025e+00
1.316259362667769661e+00
-4.353034452163562218e-01
-1.883750202928659245e+00
-4.906630483754246264e-01
-6.465731124017445319e-01
1.431438863312265997e-01
2.759610206201628557e+00
3.886156910809407172e+00
2.707466141624824907e+00
-2.147406851535728300e+00
-4.537088628224843212e-02
-2.440450091874469152e+00
1.306301833276427349e+00
1.569197277614069908e+00
2.338931580065106708e+00
3.369472046570860524e+00
7.124667705266357620e-01
4.943301356062822505e-01
2.301136293659982179e+00
-2.606533856823107786e+00
-2.190575042935525296e+00
1.162196712232969498e+00
-1.841922509496714433e+00
1.693180056861283367e+00
-2.977383463275064202e+00
2.171605924591498038e+00
1.746031428807480523e+00
3.235796247116026425e+00
3.612323106565925590e-01
1.645424067410742763e+00
3.956277695022684782e+00
-3.663106871472129322e-01
-7.468973601370758608e-01
-4.073045480304895993e-01
7.101615558551550578e-01
4.050585612081247788e-01
-1.289266493587467366e+00
-2.419637064587905506e+00
5.307146051951304733e-01
-1.519931151078742992e+00
-6.624728451309502830e-01
9.749420201636618266e-01
-1.608457661075449074e+00
-1.232605763123735931e+00
1.135228322148911673e+00
3.576973235740366519e+00
-4.919805461663429469e+00
3.281253231190386810e+00
4.508191959890659462e+00
-1.327121134963368476e+00
-1.995117724067072551e-01
1.061648973689649500e-01
6.169208902229463831e-01
-3.620523681614224998e-01
-2.653170235229777241e+00
-2.528071429532344538e+00
1.805865157303159885e+00
-6.486931512381445553e-02
3.184469505817345336e+00
-1.914980594662594182e+00
2.494499691214258519e+00
8.303071133417396776e-01
-1.501567960013384107e-01
1.206473409448561851e+00
3.589031492972084569e-01
-1.155436829027620682e+00
-3.727322839240865271e+00
1.951989382651127869e+00
-3.355483477923754343e+00
-7.517744997231601278e-01
-1.204873541738389342e+00
6.136306536838704861e-01
3.701727851249075885e-01
-2.530006023810350557e-01
-1.375338635273105625e-01
-2.870493877488366152e+00
3.905992068425728214e-01
-6.861859693535532490e-01
5.177983061294906264e-01
4.969975967007893569e-01
-1.630635351328169613e-01
6.881862646868988076e-01
-2.771161771614480074e+00
6.507017357950801717e-01
-2.380844096619201267e+00
2.245755047606349253e-01
1.910476283706711076e+00
-4.040547502120974133e-01
-1.739172039896846433e+00
-2.723295965337237945e+00
-2.783379414487694881e+00
1.940000505400769182e+00
3.014844530671277667e+00
-1.542358797416932270e-01
-7.035689808090711539e-01
-3.013609894180326432e+00
3.122064751476211875e+00
3.554587506173159661e-02
1.843816309021929278e+00
1.673872956945538171e+00
5.550670603491740351e+00
-1.778983492259024857e+00
-1.830778014050596258e+00
2.949371667910304140e+00
1.973017569669558657e+00
1.668008552454852023e+00
-3.702990474353169414e-01
3.638867701113471576e+00
-2.485026978679354848e+00
