8.682828849788302161e-01
9.744974556228687135e+00
-4.576111469393368658e+00
1.155127751782327827e+01
-8.614494201906689241e+00
1.524692271164969526e+01
1.641892169015188685e+01
-3.174682692746507495e+00
1.395099768722147893e+01
4.957489206610253163e+00
-5.760734088420683463e+00
5.820305784709365327e+00
-5.176912616468403172e+00
-9.416179500182107753e-03
-5.011974478341394423e+00
-8.823740728328148819e-01
1.651006657942878064e+01
-2.292121165601680843e+01
4.043497011454538992e+00
1.962077767219582114e+01
-3.584622459278390849e+00
2.064499100618814031e-01
-2.126055891246383212e+01
5.331722063214145990e+00
2.702587103968041582e+00
5.718988508076408017e+00
1.239705106069960294e+01
-1.744453162722250594e+00
1.833323831054451958e+01
-3.964750708422577929e+00
-9.011356881571064292e+00
-5.201682171319155223e-01
6.906338560545436600e+00
-5.310437666539018053e+00
-1.636902338937494861e+01
-2.631725954944606816e+00
-3.129428772906059031e+00
-9.816088187169784707e-01
-5.365090362189642192e+00
7.653844027148716478e+00
-2.726356283897096500e+00
2.409755828947327760e+00
-1.575298845154842553e+01
-9.226347886015661359e+00
-1.225104432590175207e+00
-1.074497636635845765e+01
7.469053114240210789e+00
1.017494371093932592e+01
3.628244402751509057e+00
5.358746395245161054e+00
4.935226420790958635e+00
-1.891434895037325248e+01
2.532682500544945814e+00
-3.748182793246951583e+00
1.774133198113583720e+00
4.390831404563989793e+00
-4.023767729158596040e+01
-1.690419953904016559e+00
1.353778576942246836e+01
7.584183650017178202e+00
-3.776480693008840817e+00
3.530580264815438962e+00
2.220906751719971872e+00
-2.924697437412278056e+00
-2.468504742325744417e+01
5.325747693193994436e+00
7.234075020343036400e+00
-1.132038183389920150e+01
7.267780787180483593e+00
-3.246442613597370297e+00
-1.616751554015321801e+01
-2.335284631927031285e+01
-6.400999311486836874e+00
-5.321166466016028274e+00
4.017675822478047998e+00
1.195581855562077411e+00
-8.600676345489912222e+00
-7.369239128115941284e+00
9.867063663997865941e-01
1.153500039616767392e+00
-1.208001152993789162e+01
1.366522678059515528e+01
8.146212272064207838e+00
1.981693952500491740e+00
-1.448161911149890102e+01
-5.369193290080808367e+00
-1.362797965733269301e+01
8.256437998942086409e+00
-1.230092638996785048e+01
-2.616298263758458198e+00
-1.802542237121979030e+00
-9.051964786973474730e+00
1.747387866084344665e+01
-1.553393145178496226e+01
1.271139530365393000e+01
1.893444562974763157e+00
1.869263933413847223e+00
-4.668900767264872798e+00
1.379911501034413401e+00
1.548885614947799283e+01
-5.808271392370662589e+00
-1.594602555305730363e+00
-3.248795424141487587e+01
5.094490399782777956e+00
-7.290477164879825445e+00
-5.718647705974531981e+00
5.675849702658632978e+00
1.820768646026833437e+01
-1.796218152814117452e+00
1.110017682880458167e+01
-6.170042405849812894e+00
7.650978542335109545e-01
2.161642282213126265e+00
4.653073336260039383e+00
6.335721840765226709e+00
1.172913925315302563e+01
1.182718350065421831e+01
-5.265348268841050228e+00
1.051231576554170211e+00
4.757401970194345964e+00
-3.196921809942737003e+00
-7.909838202214837466e+00
-1.332666489869215987e+01
1.761660563667581414e+01
-8.659773043014579841e+00
-3.274424600588619949e+00
-7.687076806123100958e+00
-1.564706296151294040e+01
-3.452352534426483377e+00
-3.444882379736925682e+00
2.286292540117000893e+00
7.318156457267800619e+00
1.608251397386354142e+00
-3.217772209897123314e+00
7.293159054098928173e+00
2.032926944440909711e+00
-2.156789277357237022e+00
-1.657577317865124300e+01
-6.192597336854237966e+00
-1.483082108232590901e+00
-7.237119608963348938e+00
-1.116720918654273831e+01
-4.521956571270054681e+00
-1.312519826447756222e+00
-1.438158826839030979e+01
2.794664630115018866e+00
-4.280509153971126857e+00
-4.694658269578306786e+00
-7.208031138170629681e+00
-6.503906019715093301e-01
-1.477978761871510294e+01
-4.905844298600524844e+00
2.598433036649758776e-01
-8.232768281561938295e+00
-1.232316674058379746e+01
-5.219692144528855771e+00
3.627198653738237688e+00
5.548485383420996842e-01
1.888640450808616977e+00
2.050523024453064025e+01
1.549478642409044404e+01
1.245101895639880141e+01
4.731966997593032076e+00
3.807463461041076691e+00
1.050988029618079089e+01
6.835158575786248747e-02
-1.572980284613090696e+01
9.438599454582385917e+00
-1.260467725863880695e+01
1.021349025095701357e+01
-1.814367348350447884e+01
-1.327352631638913927e+01
-4.028667512422564378e+00
3.698768155914234690e+00
-5.742598352447565446e-01
-1.782461359667471612e+01
-2.240124850235785203e+01
-1.225972598281519055e+01
-7.779036647851986785e+00
1.721139413978221455e+00
-1.205575231326970087e+00
2.312428125714290417e+01
2.828183008758946571e-01
-8.869129322490927336e+00
6.297755782749185016e+00
-7.104258331053383557e+00
-6.793510655361411743e+00
-4.070936955518035916e+00
-1.467902731447036047e+01
3.026926129698081613e+00
-4.916690366422516334e+00
1.027635624314503726e+00
2.005082631379383429e+01
-1.327481048895115556e+01
2.103037168267886869e+01
-1.101195953361157720e+00
1.127814942403155385e+01
-9.460032263825441934e-01
-1.088863978591235870e+01
-5.629276431383585688e+00
2.539928993210693431e+00
-1.245878714869434489e+01
7.663949761118998616e+00
1.568070226752723118e+00
1.682804264400237670e+01
-1.035400828097137627e+01
2.170331332526281898e+01
-3.918315817989015848e+00
-5.147041001969435037e+00
-5.979380918027859870e+00
3.757434513666509268e+00
1.352495741808747320e+00
1.329247944729605990e+01
1.103646312067474433e+00
-1.729088145087971640e+01
-7.336624783204001687e+00
-5.460784767795684225e+00
1.219026034744498688e+01
2.461036877452770444e+00
-4.898379040078582491e+00
1.114287912700572036e+00
2.838282317449622560e+00
1.434450650539493566e+01
-1.279391437295938339e+01
-4.925877242967178660e+00
3.499533181015042071e-01
8.840998455291890323e+00
-6.492652074900663095e+00
1.284459138150711510e+01
2.623107163889733684e+01
-1.068337012998815005e+01
-1.529995084888981971e+01
-1.301512998977941038e+01
-1.251449643955721669e+01
2.638248903726285288e+00
-4.698547379011701608e+00
1.086058142217684708e+00
1.529875945135241277e+00
7.504308524714495832e+00
1.452732694239564992e+01
-1.597566290143313239e+01
-1.930520871343781142e+00
5.775884252677784048e+00
-2.854834905147848900e+01
4.368115945607373263e+00
-2.261061944523349965e+00
2.226848647625392630e+01
-1.130182279113278065e+00
-1.945016379448458732e+00
-5.409203633972372138e+00
-2.354218015925062524e-01
1.088693542470240594e+01
2.884597557601453310e+00
-2.467938625766001426e+00
2.210213477315692288e+00
-3.544084029330489827e+00
1.713080390789337715e+00
-1.681920291585610627e+01
-8.372228820320261278e+00
1.929477276430381494e+01
-1.915034675845890888e+01
-3.838036726874601623e+00
-5.827797653872098138e+00
3.795464864494376478e+00
2.334177542858395071e+01
