6.903173812541509857e-01
7.277358827154494225e-01
-1.016047454358497415e+00
-1.369433505320564404e+00
-2.560508490850375463e+00
7.183030431555983419e-01
-3.363607094052190744e-02
6.959620458389417230e-01
-9.291001888194451164e-01
-5.251974188558921064e-01
-4.677523736199802329e+00
-9.039555820046518697e-01
-6.799715267307651634e-02
-1.849261809744338070e+00
-4.933761126104889705e-01
-1.532607624028625048e+00
-2.643477125314256604e+00
-3.035294866737865416e+00
-1.699878541650600594e+00
2.022961863496706147e+00
1.772898589321948215e+00
4.131919518536233404e+00
3.196975449983035400e+00
-1.053879709194238234e+00
-1.011162767059746725e+00
4.335528584928276530e+00
1.243978793753182543e+00
7.833870258523846219e-01
-4.029046480400408914e-01
-4.350935381083399500e-01
-5.213734636121106769e-01
1.075658684347125194e+00
-2.670745897158719018e+00
1.726195748241137418e+00
1.273776921036773535e+00
-1.233939872452141095e+00
-2.786507150642262509e+00
1.891746344184116690e+00
-1.135915826523781480e-01
2.664419306025868295e+00
-1.973017702744030988e-01
-3.311766709757766769e+00
-3.291287416605228611e+00
-3.392774946635485289e+00
-6.460230116707357251e-01
-2.472193714901695927e+00
4.475163485328124691e-01
8.465344576400655185e-01
-2.315061845967245180e+00
-9.605297316297916055e-01
1.637461334498163001e+00
-5.128114640117702461e-01
-1.618035763900900648e+00
2.426945321472906147e-01
-2.523685190416569135e+00
-1.737466789600711659e+00
9.040360516053177475e-01
-2.215205853001961378e-01
-2.038763355614273909e+00
2.418997766281663964e+00
-4.061478922553718451e-02
1.182092568568679614e+00
-1.845367801219998327e+00
1.500345640431862027e+00
-1.013703044105094486e+00
5.881367080340008657e-01
1.222538662942699306e+00
-1.119063216936467375e+00
6.906005052102367342e-03
5.281012403084339724e-01
-4.318080176597471898e-01
-5.667705654028165618e-01
7.552790890976717186e-01
-8.017985895852357547e-01
1.320668182749978214e+00
1.610755348410105592e+00
-6.744785833498262440e-01
-3.801646719312763434e+00
-3.026155842647214600e-01
2.908481464699038677e-01
-1.462621241746389300e+00
1.136406061544285251e+00
-1.668382134131364269e+00
1.243532365109177862e+00
-3.094189232225656561e+00
-9.002694146583811730e-01
-1.759789936003653965e-01
-1.370697562200862363e+00
-2.187736692184930831e+00
-1.858842341019433242e+00
-1.302842460165771321e+00
-2.158889847010204477e+00
-2.596811724754678252e+00
-2.334168653868092580e+00
4.507579968201340659e-01
1.215141481038638727e+00
7.565742740898906415e-01
1.681939505936972390e+00
-1.229706105813810346e+00
-1.185063998027812149e+00
2.637980350383686279e+00
-6.252169560958170669e-03
-5.453288852388535890e-01
2.183056400346118586e+00
5.464644349209696328e-01
1.374993860198903128e+00
8.366831103305762962e-01
9.997740637079417514e-01
4.725323804203919176e-01
1.478081072857521772e+00
-5.121760388057465807e-01
2.329954139634339505e+00
-9.971655839984296943e-01
-4.921375889361310207e-01
7.157342358036179464e-01
1.595980546440670444e+00
-8.692416167710173003e-01
3.762151096720543486e-01
-2.196091487973689027e+00
8.840539826170770166e-01
-1.609696945752340902e+00
1.867515647385102895e-01
-1.297348105271500796e-01
2.252665333412051663e+00
-2.420006362364949482e+00
4.090487190033761378e-01
5.656497048060752375e-01
1.703465413392638350e+00
-8.905220929449755296e-01
-7.430839759519016763e-01
1.755808754335886235e+00
3.135674124274161478e+00
-2.152223257544702228e+00
8.432761301686455546e-01
-7.906263545782228341e-01
3.122073514555073537e+00
-5.594746617407508893e-01
3.472229950997522407e-01
-6.689981407184344420e-01
1.958713935126488392e+00
-7.879420461892483463e-01
1.912213002531824912e+00
-1.733461385773834351e+00
1.872125169593900962e+00
2.113232095147377088e+00
8.289179829782735709e-01
1.490064067861353703e+00
4.188869532913961358e-01
2.027998930643278186e+00
-2.200943750691283785e-03
1.240746384665105895e+00
-1.186013611093513109e+00
3.170059032190167159e+00
-1.841726477510772675e+00
7.342786304300422673e-01
2.180880008592434721e-02
-4.416399816259604094e+00
1.924480549461190071e+00
2.525513885660787827e-02
2.698272556084055473e+00
-3.898098951028057257e-01
-5.630156895382842919e-02
-1.699597761654287220e+00
7.002907350190342717e-01
9.298138844503794909e-01
1.483980711866091262e+00
2.216572104869608317e+00
1.708990899419333687e+00
-4.214740077537982299e-01
-5.842913463737150481e-01
3.666823821726625243e-01
2.734209590940240853e-01
-1.338931824765358991e+00
-8.822026741193574884e-01
-8.868821485272521121e-01
5.466102777281538483e-01
1.744136515842095836e+00
1.353973062394090432e-01
-1.983908476468489557e+00
-1.026907302729095139e+00
2.056939701094454787e+00
-2.418084639836780347e+00
7.300365528673760651e-02
-3.371331154225948867e-01
-5.282365492413270136e-01
-2.813011120669219878e-01
-6.907295138383439115e-01
-1.348672535054024735e+00
-1.009147883463407558e+00
1.018844251690675051e+00
6.653893041060442437e-01
1.726874347401758047e+00
1.429069747005614399e+00
-7.610540438046953238e-02
2.163329503829151790e+00
3.130054592368419097e+00
9.223403338192963652e-01
-1.849903379892791078e-01
-3.202966826705478276e+00
9.140554759397839790e-02
-4.098378787814451751e-01
-3.284844789581634839e+00
-2.736506068429525595e-01
-2.847114907890338387e+00
3.775942799568496322e-01
-2.414345964567941927e+00
1.555511660753280623e+00
-1.308971724209314402e+00
1.096643198205169645e+00
-9.925361019599159285e-01
1.853441839882611131e+00
1.893034736862167777e-01
5.770041473410993937e-01
5.507774733716257476e-01
8.829253671743208381e-03
4.875374695893940902e-01
-1.810649322674742656e+00
-1.746951362090687354e-03
2.491311821056509945e-01
-5.976035757597435438e-01
-1.074621495291498086e+00
-1.175980933113605076e+00
1.067792408620347189e+00
-1.305986643740380426e+00
-6.241377305805886344e-01
1.280928405238715984e+00
7.615185858770430194e-01
7.443514968985438518e-01
9.120986305845024678e-01
-1.001523314196178793e+00
-3.574763467904370495e-01
-2.139160343261873543e+00
2.513910248683015602e-01
4.901250355818635995e-01
-2.229629705026545672e+00
1.274696912594733389e+00
2.383125283264113214e+00
1.428493992870596418e+00
1.723604319302121546e+00
-4.993588865907693242e-01
-4.154875053721885259e+00
7.348154180730592788e-01
-4.601312266886459779e-01
4.723627241225522688e+00
1.295898045262227516e+00
-2.820925448152810100e-01
-2.182390518103219379e-01
9.424658096100964055e-01
-9.190616155157060874e-01
-2.220150431051478801e+00
-1.088598091772934762e+00
1.062355301185013534e+00
-7.077309904926218920e-01
1.217894291261802042e+00
3.023689200940866684e+00
-3.202737970102707138e-02
-1.283705465391459466e+00
8.184620649225793354e-02
8.270836999922459576e-01
2.911568467259882276e+00
-2.940640554379908345e+00
-1.418299203212566972e+00
2.070815584155486722e+00
1.464021037398770986e+00
-4.684626341642115221e-01
