-2.280242196035156432e+00
-3.935090030325758992e+00
1.931274697399457008e+00
4.354395104234763947e-01
-1.498846695657517269e+00
1.125519963713806693e+00
2.513681577786472943e+00
-9.809010196930967318e-02
-3.052249969648916927e-01
1.429024226460321234e+00
-3.919168240187727470e+00
1.053455152760826685e+00
4.688827651147444264e+00
4.486420073477283665e+00
-6.749716605764175981e+00
-3.098369775155882522e-01
2.794052787232899959e+00
3.148875000518685408e+00
3.747542539611145251e+00
8.905461949972504954e+00
-2.726284846016691965e+00
4.286597768350772775e+00
-2.762203426864718203e+00
1.212692788807768540e+00
2.888557711935011874e+00
1.842219931176243719e+00
6.267041330697801449e+00
-9.684293886183857225e+00
-1.362568177988638940e+00
-1.909672757361186690e+00
-4.417190498553695832e+00
4.117700890069867725e+00
-1.660007366989849187e+00
-4.542340424025297807e+00
1.561499892037142789e+00
-4.048977301663007067e-01
-3.453719943309698781e+00
-2.328995002110199941e+00
-1.962937406505667948e+00
8.489234498452724598e-01
2.818743666521608127e+00
-3.518920998095250496e+00
-1.380133189136252270e-01
1.807814626860313911e+00
-2.869168990434812549e+00
-7.599832603337688397e-01
-5.193306856877770272e+00
1.960697001515896154e-01
9.535440587598906781e-01
-6.565382182127148525e+00
-1.244468136255018731e+00
2.179346710473413218e+00
-2.596841665358922135e+00
3.463590808346954653e-01
2.661928451720076971e+00
-4.377794220075271747e-01
4.385757319344222305e-01
-4.494289248705473305e+00
-3.149272707543270045e+00
-3.965881920058812682e+00
-1.478074352088327048e+00
5.437642811793734765e+00
-5.492874960630004466e+00
1.302678985700371772e+00
-1.033911784015970170e+00
4.479498049263563875e-02
3.278739260666363453e-01
-4.886313077328424903e+00
-4.292906987190851176e+00
2.243229679023559964e+00
-2.439931827048481772e+00
3.087499366696908609e+00
2.787777699557254074e+00
-4.869270930282832310e+00
-2.385979996144435233e+00
5.334527097314742505e+00
-6.645772015772413166e-01
2.747419410822409702e+00
5.974216590166314234e+00
1.160291916662761214e+00
-3.922386984827533674e+00
2.721098446904885115e+00
3.489534379912376139e+00
4.971861926141014631e-01
6.139321789712582245e+00
3.573083823536451487e-01
-1.150455754906056782e+00
-1.916566217728183918e+00
-1.945074501900251995e+00
-4.439188819335069702e+00
1.142451811824806374e+00
-9.217152142955445937e-01
-3.072488571493217080e-01
4.439088693457386992e-01
9.773301124066222645e-01
1.416508456662256332e+00
-8.824990909549557117e-01
1.789470262399093237e+00
4.690644976124086263e+00
2.503859676073323826e+00
1.563570415353711773e+00
-6.457182435844556201e-01
3.083305160878499152e+00
-4.249725951926641709e-01
-2.073071025289163316e+00
2.899808485382966872e+00
-1.512044921942732323e+00
1.059069813783092062e+00
-4.967098474936220143e-01
-2.403358502936776553e+00
-4.817759612825168958e+00
-2.403434131243312732e-01
-9.141205681436345154e-01
-4.079085866086712642e+00
-1.161397846442688175e+00
2.022652247276579551e-01
-4.577300633354066534e-02
3.489401300498796710e-01
-1.108435346170348446e+00
1.751727860463605513e+00
-7.639190885308815737e+00
-2.248001664807434352e+00
-4.058253170946982680e-01
8.538712041684430876e-01
2.760879349924024950e+00
5.075093058735824059e+00
1.728033888637258819e+00
-8.195086041339123994e+00
3.486268661450502293e-01
1.013623544356887951e+00
1.656627197456076894e+00
-1.775663895034108819e+00
-2.226836009860872601e+00
-1.259751052634292101e+00
-1.210062755389057720e+00
-3.001300243870568707e+00
-4.072415390442782446e+00
4.829508233202205680e+00
3.704551752760176786e-01
2.866136420036487387e+00
-3.373038505032210477e+00
5.128698340125284361e+00
-1.233719503292614039e+00
1.115819268714672408e+00
2.420615715929097078e+00
-2.584604797525687836e+00
-8.286590736976678917e-02
-5.438087804436243289e+00
4.243945253264111983e+00
-2.537528619132102925e+00
4.399127828087081582e+00
3.216812074484820538e+00
-3.321180258691611709e+00
-1.560159580840109861e+00
1.063710984927448866e+00
-2.831247294362061684e+00
-4.837580724306353996e-01
1.701119966182017551e+00
-2.900761143171047829e-01
7.932497343993372141e-01
-9.128641372375766450e-01
-6.000951012200744117e+00
5.229163051749756264e+00
-1.892703232759431087e+00
9.086312162789242919e-01
-1.412333117283643302e+00
-2.116143018072101700e+00
7.611294635830270217e-01
-7.181511788542074282e-01
-3.386467830915948163e+00
-1.019232613009902977e+00
-3.822068376723724903e+00
-3.854561875359861389e+00
4.186086826642355874e+00
-1.322083522097836639e+00
-1.662482507784075247e+00
1.648837544457088800e-01
-2.041090492959073133e-01
5.142134797222785991e-02
1.765212622949677179e+00
-1.729296738181609339e-01
1.674805107794167469e+00
3.078240827537110924e-01
3.604664891378717151e+00
1.298876764302371090e+00
-6.239054201669336663e+00
1.290334991221575800e+00
-1.917247899486183016e+00
3.593629679270494925e+00
-1.805066512354547736e+00
5.518579753462161674e-01
1.128216009338322667e+00
-4.650157174373672930e+00
-4.450986270699473835e+00
-1.176753350691908562e+00
1.630672013797925590e+00
9.435936919255387689e-01
-3.677678800803627190e+00
1.479405092844898739e+00
7.768193633520855457e+00
3.063814279401484431e+00
2.752288454004307994e+00
3.579123278180687429e+00
-6.143743564090244913e-01
-1.065915189100718585e+00
-1.890497500520079033e+00
1.327127582450919885e+00
4.964637550481062256e+00
7.610088420010427956e-01
-2.478626542954899037e+00
-1.649346164744450505e+00
-2.682750011536147561e+00
-2.161680474084636039e+00
-2.092642796415179696e+00
-5.574001017981586870e-01
-1.298765243438179340e+00
1.986085828987036006e+00
-2.256947729978108441e+00
-1.717104845689829684e+00
7.706410812402917365e-01
-1.911025121405397265e+00
1.397040234280428006e+00
1.522398440034265832e+00
2.950133505114747035e+00
-1.066462829339486884e+00
3.251823247488067281e+00
-2.224992673986977143e-01
2.120599098664178062e+00
-2.028837354787484948e+00
-1.398545134017120661e-01
-3.103332581496320408e+00
-3.411194718726246577e+00
-3.110550643919047342e+00
2.090719103251239108e+00
1.878613198144661878e+00
-1.274338993322584379e+00
1.033471533458312663e+00
9.896550643611914388e-01
7.045976291097548749e-01
-3.080527964302653743e+00
-5.954616279696918646e+00
-5.742119634679294649e+00
3.394274943414489210e-01
2.801966784566228164e+00
9.280564939665865154e-01
1.162616970837163644e-01
1.200775413084864685e-01
1.465066526170266670e+00
3.255716060534046274e-01
2.416363776456921908e+00
4.704253744462747022e+00
-2.532874121321046168e+00
1.201645473132006092e+00
4.701753729199234400e+00
2.431991761096723437e-01
1.856634385183778102e+00
-6.235697852522514850e-02
2.711983354318378225e+00
5.413336585834742642e-01
4.649400259048039885e+00
-2.295239603603066225e+00
2.129676970024923399e+00
1.797391879350529464e+00
1.589139887817159646e+00
2.162185117348813357e+00
