-6.248044733660059080e+00
3.612059483354472356e+00
5.437187647123673528e-01
-5.449595096513442982e+00
5.543397228958372835e+00
6.496725275072003036e+00
-6.126159378526054411e+00
1.150299771724775155e+01
-1.601562015780980985e+01
-3.644198121698603021e+00
-4.275201040003823394e+00
1.001772675089129905e+01
-1.130033067588975726e+01
-6.026364199511517583e+00
9.690993612425039316e+00
-5.813624349984145567e+00
1.948888226428402426e+00
1.958214533204895247e+01
1.478699860464655913e+01
-2.399105704411431894e+00
6.904670786672536309e+00
-1.291781568831773086e+01
-1.204714414167437653e+01
9.521856574095863834e+00
-1.417512892220230114e+01
4.718097634081808600e+00
3.285833637626868864e+00
1.015847317068829092e+01
8.912853753950408020e+00
-7.058871059794862290e+00
-1.535699502834422958e+01
6.573515044034901500e+00
-4.090601641642310327e+00
-3.257608218297673552e+00
1.572403246497682705e+00
5.573872224879114157e+00
-1.502784002416646025e+01
2.168645274170560633e+00
-1.905489711424370736e+00
-4.201822840440709861e+00
1.816058795984863039e+01
-2.397851444996089931e+00
-9.823596943230299416e-01
-1.928377971775077970e+00
5.802155078796180643e-01
1.277049205059515558e+01
1.074877921395930969e+00
1.444110601737830901e+00
1.174262741016830347e+01
-4.916685854541347211e+00
1.365173682440459224e+00
-2.544081020907810853e+01
4.156042081783835940e+00
7.973470644949179897e-01
-6.329898483258569186e+00
-8.780712136456246597e+00
4.859188465718599304e+00
1.765260129440195414e+01
1.229097676580154230e-01
5.329930484871860941e+00
-2.563580638487249708e+00
-5.269254727056605248e+00
5.440779992883362226e+00
3.171473257831669557e+00
-6.236903877534057727e+00
-9.041417103610273287e+00
-5.188186997741937034e-01
-4.650561071764159671e+00
-3.390781586671684611e+00
1.017751696575554377e+01
-8.950715472853970622e-01
3.194518319208817125e+00
-2.181245747613910879e+00
8.380626845822943594e+00
-9.412067079401445824e+00
-7.363736779393255105e+00
6.438198953466816477e+00
-9.975294369975948428e+00
1.145199920816736716e+00
2.842978767763599812e+00
4.090595339650205275e+00
-4.126459454594622045e+00
1.460193311479515721e+01
-8.372641081818064990e+00
3.465698110378729435e+00
-1.218128249549042508e+01
4.384226178900881621e+00
1.576030399275171856e+00
1.246177074537006391e+01
5.557165430422397634e+00
6.819514042047877034e+00
-8.271854881436450313e+00
4.804719979275033026e+00
9.234296924710122312e+00
9.816210198861943792e-02
9.080867033016144063e+00
3.961094099685947612e+00
-1.201302920830742416e+01
4.194185485142012837e+00
6.429177075235677385e+00
-1.624634655893628654e+00
-4.003057777671799045e+00
-2.719951254578815369e+00
-4.075166765722944007e+00
-5.751245736704959199e+00
-2.957799602140207096e+00
7.883725717276000466e+00
6.670438652304986338e-01
6.516523270898218811e+00
1.342689887936620252e+00
-9.200144972894399586e+00
-6.842979968716908168e+00
-5.121812681045891935e+00
-1.414537217236166100e+00
4.636356323498715959e+00
3.997284723446264287e+00
-1.023616912982111771e+00
8.693116220310100062e-02
-1.755300616889157794e+01
-2.858659376263173346e+00
7.343123140837110041e-01
1.524460780299682794e+00
-7.148091816527934128e+00
2.168931308975490246e+00
8.151566641631282195e+00
-1.258303075992150610e+01
-5.475208119579355603e+00
5.986419799476081494e+00
-1.409535440589694821e-01
-1.906255607327810253e+01
5.662071951526394642e+00
-1.296854770409010538e+00
8.637948950752424082e+00
-7.195215820350129299e+00
2.496542812814883661e+00
1.158557446620159226e+01
1.313936645325710018e+01
-1.580417832641499931e+00
-3.522251522276689251e+00
-1.163062212815628094e+01
5.454902786138635662e+00
1.207955229810727715e+01
-1.095918563823604863e+01
-5.669745799753062698e+00
3.210246458452513885e+00
9.463719107493228089e-01
-2.848869685855290435e+00
2.273020987508494350e+00
-9.561533739742493765e+00
7.814998745964540916e+00
-1.043976984080678960e+00
1.341150133778657327e+00
-1.011948663752165523e+00
1.335931138197120482e+01
1.162206005299058909e+01
4.022378429688550305e+00
-2.073995498941911819e+00
-4.681812459786142355e+00
2.209549258410339334e+00
1.061682869668963525e+00
1.594900389934235552e+00
-7.560722116192840625e-01
1.965887674193914192e+00
6.644459334965965525e+00
5.810957600181247962e+00
-1.824530745099028906e+00
7.525828875798451278e+00
5.477885250628862224e+00
6.689730512059869127e+00
2.714693271426474652e+00
2.936449515482806749e+00
4.537686320132473305e+00
1.121379589621974926e+00
-5.003126926069823455e+00
2.637363325674705328e-01
4.135164861411585235e+00
1.361745603939202276e+01
1.246221572893394836e+01
3.925078489786547387e+00
5.751922062453726170e+00
-7.201311349131717776e+00
-6.620631144475295216e+00
5.011460756280341045e+00
2.919840688208840795e+00
8.133289175778008584e+00
-2.215084585146543716e+00
-2.059812168670971833e+00
-1.335654023009708879e+01
5.781028772922915948e+00
9.524225120382318721e+00
1.397006351703408100e+01
1.782693369769146274e+00
3.462240000993661582e+00
-1.933769554883681963e+01
-4.911265435551564806e+00
-9.934446441863492794e+00
1.735066710679787239e+00
1.162154062449732805e+01
1.602079835636673000e+00
-2.334945007890381952e+00
-2.433039246722664473e+00
7.040094168077995818e+00
6.289778976718581660e+00
1.715970419181663686e+01
-5.290141796811338892e+00
-3.705045377340027812e+00
-5.747972784912887434e+00
6.234901030009815770e+00
-2.372030847741476656e+00
1.280893441706114011e+01
-1.042252625855832449e+01
1.324297121799604504e+01
2.592973567629569764e+00
6.164646540342712200e+00
-2.643693209686156509e-01
-3.196928497037547778e+00
-4.000306163273234183e+00
2.797704848567462044e+00
2.611275886220825626e+00
2.701327381962209451e+00
1.153444915582483432e+01
-8.412854574967458809e-01
-6.160674958405072843e+00
-8.055430339843182352e+00
-3.349462427842575529e+00
-2.399030843682840586e-01
4.407450767054864604e-01
-2.648831701505932390e+00
1.593328071458319251e+01
-4.759835762974853779e+00
-3.441978160474673309e+00
-1.001285875831420746e+01
3.662120423889617005e+00
-2.999752472345189602e+00
-1.183178498963405323e+00
1.786701633825332092e+00
1.364506788362958645e+01
2.709360290279081873e+00
4.360432224883589170e-01
1.439563288340909963e+00
1.029558765777010831e-01
1.161430197555382371e+01
3.091433417440631715e+00
-1.627898788188323120e+00
-1.898578407714347271e+00
4.775942772525260338e+00
7.136011965769882615e+00
6.461738755930717559e+00
4.425811439624411037e+00
-1.042996097277644196e+01
9.712575263073546239e+00
-3.728316526211775894e+00
-3.952931050932937396e-01
1.120846330431004034e+01
4.259312763394074608e+00
-5.676556541956353286e+00
9.166796751665714282e+00
1.732939694663516050e+01
7.366036832947510105e-01
9.059882769813139447e+00
2.711072334725386668e+00
-3.114349067144165595e+00
-8.861936741924643091e-01
-1.078988775623876961e+01
1.233922884231017747e+01
