2.898176460771076712e+00
-9.529799888922170226e+00
3.085760251232467333e+00
4.577352305061180182e+00
-4.094151094190467077e+00
4.531602652986031821e+00
-6.321096008966323732e-01
-7.168621522628036757e+00
3.262539718155799573e+00
-2.602332375902077999e+00
-7.728160656469926781e-01
3.768960279144090153e-01
4.513795764568894420e+00
-3.923113057960212036e+00
-6.470061478268563704e+00
5.716460459671109717e+00
-1.409535733023112414e+00
-4.287670720249581180e+00
-2.717181325034867534e+00
-3.363512670386048953e+00
1.490854960683051900e+00
-5.105854998319529159e+00
-4.585385222653098225e+00
-2.543689857757311934e+00
-4.028885021980906700e+00
-2.164780672435897002e-01
4.060934271298449971e+00
2.677271898753478929e+00
1.699300793149664202e+00
-9.187511289717446017e-01
-4.339779437821317032e+00
-1.273390096978742170e+00
-1.282050180523637284e+00
-1.704521632653818175e-01
-2.641494116390997959e+00
-9.452966496452303247e+00
2.967391485183502597e-01
-2.948714267064184824e+00
-2.701301879065642453e+00
-4.215285585454506823e-01
-1.823459870198826493e+00
5.828953353500798684e-02
7.277252256957267296e-02
2.619041933999954885e-02
-6.529050876975077244e+00
-2.266689807841259618e+00
3.036075610201823261e-01
2.206201870123313480e+00
-5.495582961335306216e+00
5.711786017984033847e+00
6.826840187157865447e-01
8.915838366573849427e+00
-3.993853477591646217e-01
-6.299068996912329244e-01
3.840709911637722129e+00
-3.184084558600443149e+00
1.788461452361232995e+00
-1.357102311360631086e+00
-6.755277933659435519e+00
-9.325552371385353867e-01
-1.517262553159044014e+00
2.138468462310876284e+00
6.465583932473284889e+00
-1.281340955810780224e-01
-3.944731015454538081e+00
3.194658401231864175e+00
4.647566425524702893e-01
2.773699342462926154e+00
-6.751797802400314463e-01
-4.172344882830927304e+00
1.852542093889592678e+00
1.424842153587092097e+00
1.530045117872232741e+00
2.184430049226119497e+00
1.431630294939251424e+00
-1.850077388521288224e+00
-2.433730087406078546e-01
-6.249403367157496669e-01
6.962471417964641418e+00
5.013323129744200912e+00
3.306946501022682394e+00
-7.566033017877928923e-01
3.367645519153398492e+00
3.800165167291592816e+00
-2.808892568579535620e+00
1.806347811641653589e+00
-6.520049726403198687e-01
-7.209884780373793767e+00
-2.348638206425415653e+00
-1.894535184043954823e+00
-2.381391483058722613e+00
-3.434319738199332672e+00
6.038285236597895178e+00
-5.068251907206640094e-01
-3.629398700729004723e+00
2.440934032705122547e+00
-4.530938115960366552e+00
2.568229148527456207e+00
-1.614130352439968830e+00
-2.571317334479423344e+00
2.242196729399731359e-01
8.312596532211511402e+00
-4.341904886878020342e+00
7.882981590576372710e+00
-5.403389689912029503e+00
-1.180907743302318957e+00
3.569208836796151196e+00
-5.666943423950356440e+00
-1.426201778754268013e-01
-6.676692646670195685e+00
5.209769503377353672e+00
-1.634510948647849737e+00
-4.179517462933649341e+00
-3.282789538389125461e+00
1.647015802116889249e+00
-1.997439475048276680e+00
-6.715421422959966691e+00
7.774925236852314736e-02
-1.254455339350975529e-01
2.408681971007147204e+00
-8.722062527499865325e+00
-2.228804035818183316e+00
-1.383976454770377007e+00
-8.912953524463504973e-01
7.718546170506636273e+00
-1.656121638906669968e+00
1.384028467522578687e+00
-2.925557954249645043e+00
-6.689878301628586765e-01
6.766091781544167461e+00
-5.950721943216182197e+00
3.068270114871562093e+00
1.704404470761706758e-01
4.574994550031017404e+00
-3.961687343585779786e+00
1.014122305863920204e+01
5.680921959820186551e+00
-1.529741249615283794e+00
8.081959088289115911e+00
8.115987845250786092e-01
-1.051888782957419366e+01
2.341472103491883061e+00
5.612417943225713302e+00
2.886873986220641619e+00
-6.560422064086297134e+00
7.475730992741651537e-01
8.297629453110060282e+00
4.221682955711502316e+00
1.016602968028753384e+00
-1.022059471050770441e+00
-5.919616725185861128e-01
-3.433032282180792816e+00
4.752248551882487959e+00
-1.259599329463757744e+00
4.358405486355574787e+00
6.210329905022268226e-01
-1.947016085923446882e+00
1.057345396065664245e+00
4.486941774828746787e+00
-1.168917638515596824e+00
4.021822101654247916e+00
-3.326589532351376666e-01
-2.472188615054830230e+00
4.392406825136910165e+00
-1.270331753084764870e+00
-2.587616862739318346e+00
-2.744950315397873375e+00
-4.046726923351532945e-01
3.473539389871479699e+00
2.756230145119456520e-01
-4.616700494731477811e+00
1.650073858467299370e+00
-8.734102445642020207e-01
-6.559495300465364664e+00
-5.617059982552241593e+00
-6.015003724547983488e+00
3.925778204042932984e+00
-6.654437869584938881e+00
6.452703333801723673e-01
3.322500338356594085e+00
2.933295291437728380e+00
9.001628687909370541e+00
-2.359158644885863243e+00
-6.822328391684908677e-01
1.417394653139135041e+00
2.864861052423150145e+00
-5.379827500114661376e+00
-1.074135097955103291e+01
5.378194565230999480e+00
-4.462065390102342224e-03
-5.596244941864405575e+00
-4.097542871616736804e+00
-4.107670169831944662e+00
-1.627065683540045993e-01
-1.629354502187790432e+00
4.232762383859028255e+00
-5.232889914537289577e+00
1.226752479630037973e+00
-5.025579237980403846e+00
-7.304290147396150790e-01
3.976444766960951505e-01
-1.443446879522437110e+00
-6.522375919254394638e+00
-3.251239475211477714e+00
-3.457156716420182629e+00
2.598671688708657612e+00
2.666081697026915887e+00
-1.733848210428367675e+00
-4.623137529330119122e+00
3.439317475493922416e+00
-1.347541648504490652e+00
3.388959111855440742e-01
-3.456171005946451213e+00
1.020090146912554729e+00
-6.051476035717179514e+00
6.879164937683167835e+00
-1.389702119875247499e+00
-7.324354640250852810e+00
-1.195678930088648784e+00
2.064049081972069821e+00
-6.908531479083555027e+00
6.147314227298789291e+00
1.239322966433836104e+00
3.944869370621749916e+00
-7.052174409899880203e+00
1.694721645899033291e+00
-1.266600515303821783e+00
-2.890565343027687639e+00
7.201326441456245675e+00
-8.370586641849566689e+00
2.382454291497505316e+00
6.129857731192722703e-02
-2.696663446839362877e+00
-5.032298782668775061e+00
4.871028927482502269e+00
1.146836272001663160e+00
1.954331845130159451e-01
-3.089306487386556554e+00
-4.493554987296660030e+00
1.610054695786624190e+00
-1.518965751679788756e+00
-2.964105900205527000e+00
4.987281518506434530e+00
-1.009060297577156984e+00
1.525915076822177197e+00
3.338709075484315170e-01
-1.636602822903356347e-01
7.241126136058560370e+00
3.172087279603307497e+00
8.723370010709231792e+00
-1.849077029876470935e+00
2.107212375615339361e+00
-2.653562832291035622e+00
-1.974330579202871583e+00
8.234816139949206359e+00
-3.895897956614039703e+00
-2.188636010488965500e+00
-3.973070757115481300e+00
-1.441682040999991088e+00
-4.849390022438493375e-01
-1.532040433636939447e+01
-4.207479802410353242e-01
3.489252973104910893e+00
1.133160852259740281e-02
1.731820633921265840e+00
