4.056258332761253804e+00
-7.606607330248274401e+00
-2.105777023788593105e+00
-1.477147663315176995e+00
-1.157831495896981089e+00
2.353027439174905311e+00
4.746566273359331234e+00
1.478897020345867563e+00
-2.714458561201013254e+00
-3.775498884992469328e+00
-3.656549689987267371e+00
5.825982169493943097e+00
-3.287953019984316327e+00
2.729301998897324388e+00
2.969800654699052966e+00
2.437989732657928954e+00
4.042122767861847876e+00
-2.159077180649102257e+00
2.213999554859737096e+00
5.717136484201201796e-01
-3.242309404586611432e+00
-2.693779649481406580e+00
-4.930770852528927328e-01
-5.679916910278839381e-01
-2.628566726099092588e+00
5.454264010829020570e+00
-5.458245214856488836e+00
3.868601238781418150e+00
-3.887174335733488029e+00
-1.829769451588939777e+00
6.427675477742834431e+00
3.536602409887229737e+00
4.756730559562381555e-01
-3.027198294582241211e-01
4.930305281114974569e+00
1.770939865273404523e+00
4.395163322174318488e+00
-8.274811621910322934e-01
6.909888683541733911e-01
2.988065059723939321e+00
-1.574239957164890180e+00
-2.701796400190220382e+00
-1.852734169183769541e+00
-2.240563693676584478e+00
1.220310324489929821e+00
-2.548606651466235551e+00
-2.470094341403418770e-01
-6.395630542011053521e+00
1.522795735895863478e+00
7.348705873551570456e+00
1.015416340172787590e+00
1.297769037750919630e+01
-4.409444324574925966e-01
-1.610208577276410757e+00
-1.891234578448162118e+00
-1.528481733742782067e+00
8.298163194933268372e+00
1.868929103156845573e+00
-2.632881593914370710e-01
3.679234992214654998e+00
1.026263227235202891e+01
-2.746046657043678785e+00
-2.754846363580265578e+00
5.530059024889926178e+00
-9.524699544826411568e-01
2.619890902477444161e-01
-3.672598581003578389e+00
2.693574402475151786e+00
-3.655703015113213716e+00
-8.667098971443230937e+00
-4.022152522873708946e+00
2.197064978580667294e+00
-1.238822705159398074e+00
2.802216430092070443e+00
6.548401215185390534e+00
3.342258620363090849e+00
2.690642156127678764e+00
5.120560753133508669e+00
5.324683549235463831e-01
-7.371884012828199273e-01
3.565686225025577638e+00
2.075447231496779565e+00
-2.003261487068825453e+00
5.125844516631495651e+00
-6.065452116570929642e-01
3.937001443830914660e+00
-1.199067658215394738e+00
6.048556046041353440e-01
1.055917851396275919e+00
2.040757838460119267e+00
-2.840260114540610892e-01
2.807472933208780663e+00
-2.388789289452227571e+00
-4.258824877516969032e+00
3.908866481060586651e+00
4.710115493459102964e+00
1.035825754305019775e-01
-5.586786896870043151e+00
-7.763641312748631451e-01
-2.398190256086184746e+00
-3.153937356247248580e+00
-6.914524909949609999e+00
7.936578964546154857e-01
-5.849374906558870713e-01
1.367351601874327693e+00
-2.011372130474053499e+00
3.457997081942842943e-01
-5.188434090396421006e-01
-2.082258405244604038e+00
-2.823922987898348058e+00
-2.613638353110490531e+00
-2.739916049268816156e+00
-2.728027474042351130e+00
1.159065036329146281e+01
-5.268529069487794203e+00
-7.852622548312695461e-01
1.564483996851300240e+00
1.775298916059862897e+00
-3.825258075285085102e+00
-9.069938559939320910e-02
-1.364529173014864094e+00
1.660114855473233009e+00
5.041698042670794244e+00
2.855356928901929603e+00
4.896567503184734438e-02
2.621363075469890447e+00
5.973043867525314354e+00
-7.037158167816534027e-01
-1.963120103864627763e+00
1.702977934904659207e+00
-2.561880621164985161e+00
-6.579775714150577492e-01
-1.103963636783837288e+01
-3.063236228911291104e+00
-1.773985744496183958e+00
-2.480620767390096848e+00
6.424170563176641480e+00
6.942649858390245732e-02
-5.113642044958617738e+00
4.141101670411089231e+00
-1.072121312032492613e+00
-1.222478657282282333e+00
-1.014554573116579661e+01
1.553662855024955158e+00
-7.722418589992916527e-01
1.426667515979540779e+00
-3.761940814194336014e+00
-2.378871052475330039e+00
2.882143874774360182e+00
-7.038263368566197720e-01
1.848313119997141152e-01
3.754963499772652202e+00
2.426805588756442589e+00
-2.697587847458327914e+00
-2.181548830986987042e+00
-1.952141371062798392e+00
-2.539639172999263117e+00
1.865160599341002756e+00
-1.897727205161549580e-01
-9.011061482612895190e+00
2.791152910701966583e+00
-1.951321999518863121e-02
-4.980914229114918879e-01
4.176400408448101231e+00
-2.918764344996383819e+00
-3.238994167582645467e+00
-3.107787346284550889e+00
-1.035933598847130543e+00
2.054098312307770513e+00
-1.033594175731502807e+00
-1.277972282875948329e+00
-1.766661227443250493e+00
5.518720479248213628e+00
-2.816405388047279246e+00
-4.526299913153504217e-01
8.141249996913181297e-01
-1.385651642395215433e+00
8.119626875934546906e-01
8.554878447151560650e+00
9.426833345867889902e-01
-1.029697490600448972e+01
-3.048550817382359668e+00
-1.411671333300173803e+00
4.432544112610317555e+00
-1.455635216339576710e+00
-1.629893252765908018e+00
6.856819524716714076e-01
1.234742876240920495e+00
-5.535735697646414266e+00
2.705310539877889831e+00
-4.495730163188721207e+00
-1.509070465303921083e+00
3.309855513320764331e+00
-1.359189539813727698e+00
-4.613343271955711700e+00
1.421947964035670475e+00
-4.854914264637225085e-02
3.101938415990701525e+00
5.424844482680552638e+00
-1.229523576091407389e+00
-9.732627134717156681e-01
-1.053755263503982631e-01
-1.132349023693685730e+00
-3.113692469149475173e+00
9.977976245767982144e-01
-2.452250158000509828e+00
2.035269881628888888e-01
1.679774731170409430e+00
4.438247195325676131e+00
-4.833531942296955819e-01
-6.786284103942935353e+00
7.280866886786673930e+00
1.117840741821189710e+01
5.363073477187485061e+00
3.448206647923225177e+00
-3.776008044955081466e+00
-4.012918788003898563e-01
2.760651804332318715e+00
-2.452991068735895119e+00
-2.259961391001644948e+00
3.621559027176866619e-01
-1.071617560237537248e+01
-5.999526905417083888e+00
-5.041326496260222001e+00
-8.924034449537874281e+00
9.523361636988365575e+00
4.473452168081701319e-01
-5.324202790986259259e+00
-3.868311036036736761e-02
-2.431093719978805634e+00
-3.572002033387086328e+00
-4.258772400263650226e+00
2.725813382164435250e+00
-2.002604569263596535e+00
-5.157229364441069386e+00
-1.692523702380426265e+00
2.832147295748972837e+00
3.195504441509025462e+00
9.317284311506071059e-01
-1.816477353689181395e+00
3.280948215263528311e-01
1.157201484595446583e+00
7.188971233235059266e+00
-1.401620351257241825e+00
2.213602666361096372e+00
-5.300156942866734333e+00
-4.494978881712608398e+00
-5.256707030069939002e+00
9.921745411287609784e+00
-1.728250396851489068e+00
7.123126837415089119e-01
-1.743929028145190685e+00
-3.639300998898669537e+00
1.780097418491537686e+00
5.622813441625343245e+00
-2.098198226911253350e+00
6.754034115291160933e-01
1.066245746922984594e+01
6.347375420919827427e+00
5.196084458451854182e+00
-4.502457008654030979e+00
-2.805041048808409876e+00
-1.546721536217673831e+00
9.761802769289478210e-01
5.708861987746266742e+00
