3.090562999399333322e-01
6.337049994863614977e-01
5.489237776042210637e-01
3.038495601882429051e-02
8.041338374847177839e-01
-9.344041238542728500e-01
-4.622489897475458576e-01
-8.207838651340217950e-01
-9.004785616618585786e-01
2.848976756325056203e-01
-4.147214826011049182e-01
5.926609287622277566e-01
3.579323223542127952e-01
-1.067465472838617924e-01
1.029200724464804928e-01
3.273480480971671103e-01
-8.683684695459243930e-01
-4.185114103807949237e-01
-6.796057311675115509e-01
-3.483186757240575027e-02
-9.178386637609791121e-01
-4.764274468956779529e-01
9.982484858004991857e-01
1.736698686184379517e-02
-3.520025597219050284e-01
-4.788864891308586280e-03
3.542477265378375928e-01
-3.786631245756306718e-01
-2.232972249510873641e-01
-9.621795647739402879e-01
7.139354974643908648e-03
9.584149993975300819e-02
-2.805629165283063386e-02
-3.196096444644540568e-01
-5.757344779856754524e-01
-6.955928133808185754e-01
-5.320950663371518674e-01
-3.524769373395950645e-01
4.130163525553374182e-01
2.308142921349676246e-01
8.690996519078830751e-01
-8.989601042058821267e-01
-9.694436717077773435e-01
-7.042128738234272323e-01
9.185153737887888914e-01
-7.986927413675006804e-01
5.083474768479174788e-01
-1.127313319429650573e-01
-1.357714157509603940e-02
6.557178448283984551e-01
2.467907113698306343e-01
1.881447406322349636e-01
-3.970843939899237895e-01
-6.358250323074605692e-01
-5.557320512249424027e-01
-9.977919775507249067e-01
4.263394368371558607e-01
2.509085219168772155e-02
9.042356140055869407e-01
-4.772927958148108218e-01
9.470741355178602383e-01
5.499791411525846163e-01
-8.948406215350517279e-01
-1.209355662033566731e-01
2.139921416680114763e-01
-1.028711577685748058e-01
-5.020072397971124811e-01
7.415170651844622540e-01
-3.030961405891268168e-01
1.950974823190301244e-01
-5.294462709056207972e-01
-1.316619022667120109e-01
-8.176165359541474054e-01
2.395340500494427260e-01
7.860960019516520791e-01
-4.160622451572311142e-01
8.804093583874078588e-01
-9.363351987796985076e-01
-9.485419891142801152e-01
-7.370763233710204698e-01
7.851092975875991753e-01
-1.219395035743844335e-01
9.285022150091337689e-01
9.037950454041070447e-01
-4.312004428718241300e-01
6.178521479633269919e-03
-5.842299486071594883e-01
9.019220923292209369e-01
-5.239933889089806174e-01
-6.000896238979235298e-01
-4.368258122464575149e-02
5.380623607146597376e-01
5.927990368648022868e-01
-7.211506787472077296e-01
-1.906508002955267234e-01
5.119157948680990167e-01
-6.927169230447396409e-01
-7.750153269644421972e-01
-1.492419207358446076e-01
-7.612471408733374467e-01
4.324765210359315382e-01
-8.640570378925532813e-01
1.339813755811456453e-01
-3.760719503790188600e-01
-8.295929392537699787e-01
-4.953948823777285515e-01
-1.397207612551090439e-01
-5.687698988703863145e-01
-1.659857847962558086e-01
9.352881525795794238e-01
5.907326792006761806e-02
8.448307509720642816e-01
-6.415869503613481628e-01
4.358754262847012728e-01
4.269908138718152557e-01
3.956998941037822015e-01
7.928924327399584637e-01
7.514639421306242850e-01
2.994039007580204248e-01
9.076687409394683659e-01
-9.137585068135476440e-01
7.992255187956868179e-01
2.959223542841695753e-01
-6.682387868921004781e-01
6.086034142772200201e-02
-8.494599016342694320e-01
7.820510384209506949e-01
5.814733869235859665e-01
3.053143710986074844e-01
-2.516251256505639411e-01
2.286949998513616300e-01
2.257589560484007940e-02
6.536963777806019671e-01
-8.265134167962480127e-01
-4.688455051759736758e-01
-1.727682560728424910e-01
-4.758802198539242578e-01
-1.626430006829530928e-01
-1.406023913463836372e-01
-5.674116520883658588e-01
4.860293764550504408e-02
-5.395035198880009375e-01
-5.465703336780745047e-01
-7.194496104286388638e-01
9.185342098663445976e-01
-9.807610969939656309e-01
9.295911197105017898e-01
-8.711447168264842000e-01
9.465425970132901323e-01
-4.602620413587776849e-01
7.242900392712762203e-01
4.902094060098363126e-01
8.035906116927359344e-01
1.893172451213784857e-01
-7.067897388195782948e-01
5.132035841626987338e-01
-5.975048602489065885e-01
5.175875529164186695e-01
8.775600590155281377e-01
-7.320398064260205118e-01
-3.954239362614562214e-01
2.035193620406310078e-01
-3.417112155557044950e-01
-4.242407463246441468e-01
1.842240321103629785e-01
9.320465523897527582e-01
4.796140133487961643e-01
-3.105352039288991062e-01
-4.332735422702249650e-02
8.639534567013551491e-01
-3.701583133560972794e-01
8.851021994499389534e-01
9.831612563640474978e-01
-1.083223406170978897e-01
2.785510825226149567e-01
-5.876345792613810737e-01
-5.475034741914794889e-01
7.341207058688496989e-01
-8.511916185655425959e-01
9.918743050815674867e-01
-7.517543280804852568e-01
9.496443381956880536e-01
3.537002696745616959e-03
-5.157270497769312900e-01
-8.555256802132893412e-01
8.212615357417392126e-01
-3.296573421582427166e-01
-5.981965082941353984e-01
8.710688152811763008e-01
2.011509512545874845e-01
6.459339310107518051e-01
-8.840293364907683138e-01
-1.047402086108562003e-02
8.160755974036870697e-03
-3.672017362432560272e-01
4.891328808456656407e-01
1.679315866629784715e-01
4.712897360298133331e-01
8.939720233682312278e-01
-7.836951937485756581e-01
-6.567447608910867984e-01
-5.544835528436979910e-01
-4.611393156438619023e-01
6.182419273168315854e-02
1.699350709281817196e-01
-4.333692056938243664e-01
-3.778762946464972461e-01
5.113913308920374767e-01
8.317203877473471341e-01
8.291021623699010856e-01
-5.444434055620556157e-01
-9.018016543282914022e-01
3.962625254705738342e-01
4.238473471096341760e-01
-4.605385277713218706e-01
-1.384320528953504326e-01
-1.286341804759805196e-01
-6.351774773880833891e-01
3.395469878480497639e-01
4.308494735827348432e-01
-2.247230273571834136e-01
5.332408629186777826e-01
-4.623831958429445721e-01
-4.013041528077483378e-01
-3.881409461271592143e-01
8.648307575998427366e-01
9.211169360494898539e-01
7.406732254315555597e-01
8.982176286103116247e-01
-2.079062473499197761e-01
7.691161299286112252e-01
-3.691202927150019075e-01
-5.312014048506119579e-02
3.720108470816727020e-01
3.429562086475379523e-01
-8.252661775636116470e-01
6.596956644850743290e-01
-2.998349043020163140e-01
-8.961719151489400126e-01
-3.344735666437246291e-01
-9.023293329282284780e-01
3.829960653354227418e-01
-9.761293488589100065e-01
-7.048363077108199537e-01
5.744771868888889355e-01
8.826789961308587618e-01
-6.773301386678521885e-01
-9.154783968485860068e-01
-4.876511244681477897e-01
-4.014183232683319336e-01
5.327844380950808034e-01
-4.294260325942043099e-01
-6.466603991829367182e-02
-8.087549922204760877e-01
3.861522896615336431e-01
-1.933513284826409162e-01
6.525929702746406935e-01
1.198290211015065193e-01
-2.321108711106447398e-01
3.585549985094861891e-01
-1.779265302016612704e-01
-3.742138546197157911e-01
-7.509642405299450374e-01
8.067029917951356044e-01
-6.426748362161067707e-01
