-5.800471527172816888e-01
-4.616188444821698766e+00
-4.271947261272659446e+00
1.305018245608766669e+00
-2.457051955957676892e+00
-7.376791317664227465e-01
-2.637397545089144479e+00
-2.361679759277663493e+00
-1.138038662270540513e+00
-1.198255319370539063e+01
-4.432105506204941037e+00
3.858693398065013547e+00
-2.858132350946622324e+00
-5.388436310903379933e+00
6.749476432664684111e+00
1.342201707686576651e+00
-7.522982767390313796e-01
-2.574349418500248454e+00
-4.912784075121040317e+00
-4.154649920166283650e+00
5.513961863209740244e+00
4.658667579081388510e+00
-2.345025458214605507e+00
4.249760159153099792e+00
6.564860018028952915e-01
-2.531908571128623997e+00
-3.011683002016940502e+00
-2.336631099794495015e+00
3.196577699867804601e+00
7.286381295312841289e+00
1.491517728722016267e+00
-4.299790770673453721e+00
-5.563652994191943257e+00
1.065937728328913536e+00
6.536128724307723736e-01
6.591912175185070666e-01
-2.783861848289434171e+00
-1.205201059925741225e+00
-4.081991146595623787e-01
3.058463871137767409e+00
1.553306820366275876e+00
5.725371442326804505e+00
1.972176199763337134e+00
-6.304538259199564010e+00
4.904147519435797520e+00
8.272523832982299652e+00
-1.335733744956948410e+00
-1.795123146378308387e+00
-2.950668205867398308e-01
2.718143013547778430e+00
-1.042073595022644739e+00
5.599508443797601487e+00
-7.540090687028617733e-01
-4.278790961196555998e+00
-3.308313424186808405e+00
2.991535774254955093e+00
6.574230079400877003e+00
-7.536069540278542700e-01
7.704156073471185584e-01
7.735507595313068085e-02
2.412259318710404443e+00
5.570648563763542782e-01
-5.037025347071949488e-01
-1.427857904927561705e+00
-4.435870435160953917e+00
-7.073574282194879714e+00
1.224825524595941406e+00
2.826502830879704664e+00
1.816975962650206000e+00
-5.408878983717563260e-01
-7.219938699278238836e-01
-3.159644491769169505e+00
4.060213953027427713e+00
-5.265745929130849490e-01
-3.332620006384559908e+00
-5.544416980943228879e+00
3.125056344495063421e+00
-1.237062950375291681e+00
-4.487420869447978689e+00
2.998776898482118369e+00
3.026868991628853145e+00
-2.411937066995115231e+00
-5.509795887340231957e+00
2.737409051954250216e+00
-3.987082552781235467e+00
-1.501539841076897641e-01
-2.882654487661460152e+00
-5.144365439042196009e+00
2.073602121134984877e+00
5.210312043413953376e+00
-4.688842917408059030e+00
-9.571835573568543420e-01
6.410770066747621954e+00
-7.667106211692447104e-01
3.504974107304769104e-01
2.321443300049936376e+00
-2.893238351455291291e+00
4.790073866153829130e+00
-2.375912158664858165e+00
-4.018783482752166236e+00
-2.744077304269803008e+00
-7.209374223242017710e-01
-3.850660929660994825e+00
1.244374671099739871e+00
3.575725389703721557e+00
8.601825854478988731e+00
-2.156326584431502269e+00
-2.531463620620781008e+00
1.596821543514647529e-02
1.691047462053626660e+00
-4.521971696866779133e+00
-5.272206986759617742e-01
-1.130306890759195770e+00
2.757834273024443839e+00
-2.423609649313991365e-01
-3.831968696898132354e+00
4.916733697914567713e+00
6.105946709083903912e+00
3.363445335669939418e+00
-6.507610522664313280e-01
-4.778821953983229065e+00
5.519294157484173624e-01
-4.311261737557950724e+00
-5.547333796195692557e+00
-5.455143450286188411e-01
7.650882502550394371e+00
-7.633008555107419824e+00
-8.434369227724128892e-01
4.981271427436116672e-03
2.762913732743528694e+00
-1.045696181473894981e+00
-4.614438678062882104e+00
-8.080302343716557090e+00
4.630838712934277623e+00
5.037277176773230281e+00
2.573886477828015718e+00
-2.233712412288116234e+00
5.108502079514549710e-01
1.385904768242183671e+00
3.902660143864182363e+00
2.069924868478887348e+00
1.918664644342055192e+00
-2.836471773455360612e+00
-7.366821686622442300e+00
3.120788617212058913e+00
-3.190008919332212756e+00
-1.118798231721490899e-01
1.200570612943693494e+00
-5.332983160999111849e-01
-1.307618401995976676e+00
1.204047323697656990e+00
1.472668693069616008e+00
6.295409257889614807e+00
-4.833582201838412473e+00
-2.657873636712007048e+00
-3.133441280533643791e+00
-2.879882485973218387e+00
1.117937024466141693e+01
-6.318321303022298441e-01
3.226761579205034369e+00
-2.095850687045654470e-01
-2.571674524061442924e+00
-2.031118677004421169e+00
6.937691846245188643e-01
1.587953579075919830e+00
-4.447513985771600176e+00
-3.865079330918268941e+00
-2.011339713879848556e+00
-3.729121204822265057e+00
1.988763300487669472e+00
8.356264609382783703e+00
2.342289543731994605e+00
1.366393538073898295e+00
-4.161518959818487851e+00
3.089393694077656072e+00
-7.806863203575435506e+00
-5.593531514110069658e+00
-5.527816189481191689e-01
6.549031296276429437e+00
2.870078779755584009e+00
-7.795061652277150088e+00
6.882043314263376566e+00
-1.116704153262082500e+00
-3.966881313324722935e+00
-6.841377751677370611e+00
3.975264662403749316e+00
-3.347572007067781907e+00
3.700408565966850194e+00
-2.647770023099340619e+00
-4.729541510417989869e+00
6.281311221101868902e+00
-1.426678750979478494e+00
-5.526698773386145014e-01
-6.587847289146425922e+00
-2.034423157505973467e+00
4.211752415745642963e+00
2.535518932935954872e+00
-1.753731213679340595e+00
1.978804130966879349e+00
-3.616307159893174639e+00
3.551640542873178985e-01
4.262134928987073579e+00
1.998925796123752763e+00
6.529884144463009576e-01
-1.291074539490702389e+00
-3.689842883993441625e+00
5.348926595651217752e+00
-2.232262533916691716e+00
1.779201414702667461e-01
-1.268040452818773645e+00
-5.062955546225358927e-02
-3.275087928081247934e+00
-7.937281443590256558e+00
-5.633315551231507179e+00
1.866975101846575669e+00
-5.353871234141842628e+00
3.715151720446464800e+00
6.826776795771527517e+00
2.383642959183080556e+00
5.082969357542525657e+00
4.154186527385483885e+00
-1.463418352276893153e-01
3.763009925178035342e+00
-6.451715479977793155e-02
3.826553200439983371e+00
1.333549901132784488e+00
-1.988549302662369289e+00
-1.736220993311718086e+00
-1.279232865370661276e+00
-8.848170124591310248e-01
-2.998012571871137677e+00
-3.178083480851871201e+00
5.094623695834273214e+00
7.205217522075906267e-01
-9.543342989570743895e-02
-3.602672818300850732e+00
3.331014026113467530e+00
-4.755927129523674357e-01
-3.951002325515752533e-02
-5.621774260353920027e+00
5.329480599254850404e+00
-7.780836498724606365e+00
5.666444432744563997e+00
-3.511462141164624740e+00
2.063946771500889454e+00
6.002482862439797451e-01
1.455988242839418634e+00
-2.205746983272410144e+00
-7.675517910641907804e+00
1.620627847295989188e+00
-2.437395257014083327e+00
1.929360581445356937e+00
2.642250801292564510e+00
6.028309314545951203e+00
2.371980952203549098e+00
-2.459405082818353350e+00
1.854611542091510135e+00
2.777420712469164776e+00
1.175906889320124105e+00
2.504381131138727845e+00
-3.475823963923353244e+00
-1.915206255725609551e-03
2.956670043436726569e+00
8.840758446018305960e+00
9.452797567166009163e-01
