-4.697073768444974817e-01
-4.625537714114131282e-01
-7.204854153515121151e-01
-1.784419535045474792e+00
-9.750350788985062689e-01
4.768056364446477957e+00
2.455394456348256593e+00
6.311675219373777956e-01
-2.520766870129266479e+00
-1.041289158888242028e+00
1.117241704663598290e+00
4.786235404129981497e+00
-1.123724982406930195e+00
-1.473798145672839510e+00
-8.135033109920171146e-01
-7.719207681401877297e-01
-1.276790076817281294e-01
1.191864299702934671e-01
4.557321341802641257e+00
-4.737601304219484888e+00
2.346831143120401642e+00
1.265346544416216190e+00
-1.218365397889540569e+00
-1.955508787354807376e+00
-2.169295376318018942e-01
-3.683766458714228698e+00
2.583119176763670755e+00
-3.227096147002416870e+00
-1.558789015132501010e+00
1.488211966742878589e+00
-1.553876822231955668e+00
3.198587006918126363e+00
-3.390074407349406016e-01
-3.336459167118231983e-01
1.891075359826518643e+00
2.941866193525521034e+00
6.458102241817934019e-02
-1.315518216671861529e-01
-2.725981784381069861e+00
3.832269381503553785e+00
-2.123503296737697665e-01
-6.772854994194099643e-02
-1.734074480516943240e+00
1.657934941806287643e+00
-2.462661850294467047e+00
-2.142998623658717294e-01
5.138113111695863378e-02
3.632453271780260451e+00
1.655305685100123103e+00
6.011825941517328076e-01
2.669545896570605592e+00
-5.259622754250992127e-01
-1.527154008933509832e+00
-1.170219400337797477e+00
2.598494840333227529e+00
-2.387646577430907247e+00
-2.800215724095767911e+00
-2.151002096484583959e+00
-4.595982523678177750e-02
-2.214511363095588159e+00
1.312478943338543536e+00
-2.548202886119248056e+00
6.547503824732342492e-02
3.823424942017579653e+00
2.904665669438661446e+00
-2.684955082472160193e-01
5.000907343767996061e+00
-1.201376739432318042e+00
2.085463461927568041e+00
6.597312171788867197e-01
6.803688369018974225e-01
4.929686747677058944e-02
1.199709129902014615e-01
-1.575624899137590518e+00
1.080535372210886802e+00
6.439179224673864388e-01
1.130589575923413914e+00
1.618289336090882102e+00
2.085549779399599180e-01
-4.793259752296110676e-01
1.125127151805129233e-01
-9.572900061671580918e-01
-6.491575260565844996e-01
2.251183339580206777e+00
9.310223055231697797e-02
2.756091403600561485e+00
2.174328736767978221e+00
2.728911480685654922e+00
-2.085117302385929516e+00
1.105260615641650901e+00
8.106253819155169182e-01
2.451659648478746456e-01
3.003294524614561922e+00
-2.671364561431576856e+00
1.151354119400523013e+00
8.573126915632274248e-01
-1.639317491793509385e-01
-2.062788808010605823e+00
5.075608834116711598e-01
-5.225083440361367737e-01
2.848312794751096000e+00
-1.339456475907785382e+00
-1.710510204226616038e+00
1.645053825777524903e+00
1.376550021465146045e+00
2.028924307072340838e+00
2.601204284212649931e+00
-7.201891811727784143e-01
3.410225036966213485e-02
7.046937308222016583e-01
6.475666595300489936e-01
1.464826295842976300e+00
1.895699798007883352e+00
-1.214757664628383527e+00
1.178802178683627577e+00
-2.864601585643019588e-01
-2.848116856657373130e+00
1.984628786450235882e+00
-6.480514908905877780e-01
-1.452733720394212336e+00
-7.586613648172335633e-02
2.672496937181465526e-01
7.520029877592477874e-01
3.050955224380857977e+00
-3.413080075542599179e+00
1.680390982926251997e-01
-2.036889968371746740e+00
4.021748195617749211e+00
7.749333398814506335e-01
-8.362526419111875331e-01
1.544173878772887809e+00
-2.798625260140655158e+00
-8.027766931505986303e-02
-6.853239412352383209e-01
-2.960337160797956724e-01
-1.039511352439580927e+00
8.196233733552654721e-01
-1.996392144377452826e+00
1.850491685112644280e+00
-1.536628157579751575e+00
-1.585995060375105514e-01
2.095291271952702816e-01
1.352467637609788387e+00
-4.193574407062782505e+00
5.784910401455709561e-01
7.703251100037056265e-01
-1.168204115807434773e+00
-1.099578675125667981e+00
-3.120050552387217735e+00
-8.289772230995930968e-01
-6.046137152086661359e-02
-3.940725785562435135e+00
-2.143992965708634291e+00
2.838545738712890731e+00
5.021011265476023055e-01
2.766201559180566649e-01
5.041933842364533236e-01
7.247511531259951401e-01
3.052172583255569727e+00
-6.806759302160521052e-01
-5.123580265614029461e-01
1.076533109770896779e+00
-7.167326654541095188e-01
9.697137760608739443e-01
1.180201205087896055e+00
2.982682869829199390e+00
-2.681638246688064164e+00
2.098110956750167677e+00
-1.109272769643313783e+00
7.736974309425987961e-01
2.093406349343067241e+00
-2.559041694086956475e+00
-2.348485530186650738e+00
-1.732291532947124235e+00
2.884829298226146310e+00
-8.711788008262792982e-01
7.467162186350901898e-01
-1.276809237167111366e+00
5.203337054776510096e-01
2.479473129308941814e+00
-1.230809162036673676e+00
-1.715952413846746349e-01
-8.196524111629275300e-01
-4.155149624622872517e-01
-3.423579093395249018e+00
1.544053858445815663e+00
-5.999973305685362135e-01
-1.494072584450608643e-01
-6.543135213158077779e-01
2.244292703953156831e-01
2.433832338277340579e+00
2.625260899191773856e+00
9.793132864882634347e-01
4.485872243703493967e-02
-6.929011360057150126e-01
4.542143552601906609e-01
3.609195305737659787e+00
2.029466033215169496e+00
-6.614805597164856721e-01
1.740491755239396143e+00
2.109130266348523186e+00
7.967610461377619968e-01
-3.918949092263445344e+00
1.455241309674014105e-01
-1.031574578494721894e+00
2.112881042155567268e+00
9.853398625813860612e-01
1.216695896005846933e+00
2.868376973958652876e+00
1.588896759612158149e+00
-6.223380584005869798e-01
2.841186301664796687e+00
2.342821971495435973e-01
-7.463593897465214955e-01
2.804301324071325485e-01
-4.261907145741609670e-01
-2.712176792164787464e+00
3.072613710102478635e-02
1.775576820273969236e+00
-1.806804140981380424e+00
4.597293093992386170e-01
-3.860001451100054659e+00
4.902772516734608121e-01
1.109462105347442940e+00
2.194236797833757358e-01
-1.147816956726093185e+00
3.560021690266590433e-02
-1.420756334590308478e+00
-1.779649839081238194e-01
8.019565392269962789e-01
-3.854342012379631921e+00
9.277046524623312473e-01
2.096302662958275387e-01
-2.276966716126930024e+00
7.639696213922611001e-01
1.743129454795111943e+00
-1.444479069483256328e+00
2.731698045561469779e-01
3.255526315919657243e+00
8.000893240323034838e-01
-7.282997630395398048e-01
4.877647686906846358e-01
-4.941436722464425113e-01
1.113030076109373878e+00
-1.184094671630811613e+00
-9.280693835369899780e-01
3.219345032320690692e+00
-1.344591769813071158e+00
1.948772735846461712e+00
4.732439436533728561e-01
-2.222830390222034325e+00
2.620847728663896703e+00
-7.131380904778463758e-01
1.855607548824433906e-02
8.246129879273526031e-01
3.654001310440085248e+00
-4.813711370353848551e+00
2.590022230176722839e+00
3.310151061096777703e-01
4.558522007988594638e-01
-1.104134953262200514e-01
3.412719468762504871e+00
4.088901282338979759e-01
-2.464946627683995306e+00
2.800915948051561521e+00
