5.001569959732665716e-01
-1.373861492165628362e-01
-1.277689738053645385e+00
4.845887092610681179e-01
-6.510404606953577866e-02
-7.882563753378879490e-02
2.894061059721651397e+00
5.296635721426374843e-01
-8.728082586006602472e-01
-9.127181583305838952e-01
-4.024572431217612323e-01
6.384339992931642449e-02
-1.992512348563915403e-01
-5.152769884537955480e-01
2.337729209403802688e-01
-1.652123035224907222e-01
4.013298241805154931e-01
1.937849042806938371e-02
-5.614055487666869126e-01
5.283369499298992134e-01
-7.398106656345115884e-01
-1.330799494742810340e-01
-9.814196553471812301e-01
3.344998337949034450e-02
7.102163760543379889e-02
-4.693018752862067045e-01
1.290903165323105395e-01
7.516056672051019127e-02
-5.289470758346095369e-01
-5.359671907650967460e-02
2.020970370361744095e+00
1.121517734242519104e+00
1.564417432189246782e-01
5.769833635107202152e-01
-1.186214829269652604e+00
-3.673766505624305179e-01
-5.954917491492222048e-01
-1.718839557881291391e+00
1.442295788662632861e+00
-8.022678333266993755e-01
-9.653243583588099197e-01
-6.668582453410762945e-01
-3.523592821765155314e+00
-2.028537042279598968e-02
9.197662110474360553e-01
4.085490726972630382e-01
4.197905519373192895e-01
-1.299905120678187309e+00
-3.092840637267535442e-01
-3.439345230133663556e-01
5.062119232819116410e-02
-1.177069597531807066e+00
-5.570812232021815635e-01
4.275632557411968016e-02
-2.129292514314096163e-01
2.975508413932972385e-01
-3.097188637873737327e-01
-3.487801187277673742e-01
7.810071180338864494e-01
2.679095739799883802e-01
-3.327431717822271207e-01
5.001876957511268706e-01
1.334360453393095280e-01
-3.054230024552420986e+00
-3.939582395658831615e-01
1.044641364184600296e-01
-2.523857968968540311e-01
-7.277212497752987286e-01
1.431593064438911656e+00
-1.083438407369869516e+00
-5.540975138728208016e-01
-1.713005947078600766e-01
-9.799600086257898024e-02
-2.066798382069729989e+00
-5.493336862747286720e-01
7.395974566300127506e-01
1.988774258904670855e-01
8.009113628158097686e-01
6.738285119748079754e-01
-3.049449637313697004e-01
4.879355575902731834e-01
4.003501924060217654e-01
9.258498940381555409e-01
-6.518548589678578864e-01
9.163244757768345128e-01
8.918292616211045409e-01
1.516906394464310637e+00
-2.916937309202488837e+00
1.095941440167269576e-02
2.356472175751760378e-01
-1.409418698742789022e+00
3.347894001583793244e-01
-2.786437135491182104e-01
6.974439044901282747e-01
1.358688277766444963e-01
-6.937776095692850253e-01
9.381770994024238863e-01
-8.798956637523369650e-02
-1.061106221695651719e+00
-1.079011038601589867e+00
-3.508502661806306433e-01
6.077674020698742297e-02
-9.264817553614574930e-01
1.891894928813246946e+00
-2.888270081771970865e-01
5.639523537029755840e-01
1.115083483034510659e+00
2.494821441959942376e-01
-9.210029683871583384e-01
-1.855132329178196260e+00
-5.805413316192855611e-01
-7.070727999534820452e-01
-1.504706171090695044e-01
2.920682513988058782e-01
-2.662986732476496643e-01
1.445123707626061016e+00
-1.846643858187033693e-01
4.067796721385800174e-01
-7.552367814317793027e-01
-2.138587126097109437e+00
4.581553832585870123e-01
2.497861758394828158e-01
2.690832243582417238e-01
1.188469476675260150e-01
-8.458635311196474049e-01
-4.238293912210996939e-01
-5.960936967654890672e-01
6.536230079854823405e-01
4.124138848310727745e-01
-8.571209138551432183e-01
-1.635924836894895318e+00
7.420967906390689706e-01
-5.629077726133040471e-01
-3.566191292760187981e-01
-2.676333323503492512e-01
-5.581238263664363153e-01
-1.404671264982648271e+00
8.559572168053093399e-01
-3.544307601313469114e+00
-3.250105738103226116e-01
3.930471973115801099e-01
8.829861800871852129e-01
6.721560411684228686e-01
1.660686010959341985e+00
5.962589227679795378e-01
5.331195109011204192e-01
-6.616957455622396456e-01
5.247926147481039028e-01
-4.940435287970645906e-01
1.143714726334024379e+00
-1.837548329844920669e+00
-1.443206764614974436e+00
-7.053166280882439132e-01
1.615696374916183453e+00
7.189659027095225419e-01
2.695595269770857394e-01
1.112495352913263069e-01
-1.021576368636881504e+00
-7.478337841914413087e-01
4.534529296955414068e-01
-1.813763090352749074e-03
-8.219760612403630429e-01
-2.815147244050264508e-01
5.403180510993014218e-01
5.935958832379291117e-01
1.411078330152010896e+00
3.073549558635549905e-01
-2.682701295578734602e+00
1.631241370114521860e+00
2.103000684893839844e-01
2.076098190434195190e-01
6.365419236123712743e-01
4.252015719352884027e-01
-1.559813313732209661e+00
-1.678136972155409357e+00
9.315596383811015624e-01
2.348543352965559161e-01
2.100555052829218283e-01
1.070913506302497570e-01
4.313689564418371480e-01
8.196042986631029148e-01
-5.303915895349309295e-02
8.274992719930338581e-01
2.309686200759769048e-01
-2.988852128369168248e-02
-5.889249567416450226e-01
-3.013742073850645298e+00
2.650262979470745517e-01
8.308374583624705823e-01
-7.626968832907095042e-01
8.076263659817365381e-01
5.021729856075844989e-01
6.539540416900953002e-01
-8.463521704491994146e-01
-8.736892078079834256e-01
-1.379060205850206167e+00
-9.692736107333468354e-01
-4.659598024210347411e-01
6.939501843877007303e-01
-3.987375010444893508e-01
-7.320236134287259055e-01
4.737132730574828976e-01
1.287572480422827015e+00
-6.551857770568795258e-01
8.695294366715339285e-01
3.924945595449484959e-01
-2.211180082533413249e-01
-3.054327888955212789e-01
-8.972289839911919973e-01
8.021784820573651942e-01
-8.532208129248581852e-01
-4.440595968930474147e-01
3.786742607014933482e-01
5.135371105347168452e-01
5.773033166870993327e-01
7.661053267243429499e-01
-8.416853207449228602e-01
8.850848884453932364e-01
7.642967764526487073e-01
-2.955891248684738848e-01
-9.176527858934402371e-01
5.771303606164601696e-01
3.928920866186476069e-01
5.483216127192103162e-02
-9.467114962867668737e-01
2.425604148950272432e+00
2.515128996241329240e-01
-1.632656313122879066e+00
1.096674827489009685e+00
9.779658704502411926e-01
-6.133789472696837830e-01
1.218412194373555524e+00
8.672997110599200976e-01
-1.575621932308725714e+00
-5.911568712759422972e-01
-8.238766178562841880e-01
-1.425733945286355997e-02
-1.971748594597882320e+00
-5.986604733056344330e-03
-9.993937361052973589e-01
-7.058645792613407188e-01
-1.248561295253508785e+00
2.321709062093624820e-01
7.542848600576450568e-01
-9.975588503166714638e-01
-5.802431142706669931e-01
7.424144658904783256e-01
2.724055148978618224e+00
-3.471108123428846559e-01
-2.089733357590264351e+00
-5.364134002019376180e-01
4.201832098187715525e-01
-6.940883389348506682e-03
1.259873080184967797e-01
-1.377173504383234715e+00
8.588908550348768323e-01
-5.469835279883291657e-01
-5.459554477897263780e-01
-5.203232968184293705e-01
-2.979415118542374508e-01
-7.502477299175485115e-01
-9.660135345310942867e-01
-8.215921486055073331e-01
8.556846806113369563e-01
-1.552607784656385714e-01
