-4.725460829178329547e-01
3.039143987547920922e-02
-6.255882629470590484e-01
3.599903212181483347e-01
2.977365338034896780e+00
-1.764335497028925559e+00
4.287977991961506863e-01
-1.546826764633963069e+00
-6.133494424110128573e-01
-6.863782553059778468e-01
-2.164840598874789634e+00
1.954359020924623103e+00
-4.787987411941525551e-01
9.097350078482302482e-01
-9.912793213623055655e-01
6.759521946609043930e-01
6.382930757166338509e-03
-2.926672124414140264e-01
9.718665109573820793e-01
4.637707295230297788e-02
-2.201189816416177614e+00
-4.076378128299358305e-01
-3.141590806737668551e-01
-8.558506629935767052e-01
3.717945118106649183e-01
-2.121216706628734627e+00
1.801248585702039939e-01
2.824077429564431085e-02
4.707656884874921177e-01
-3.264169551758427934e-01
-4.104986783207353884e-01
3.225789083832262261e-01
6.897365089180640396e-01
-6.491445942716617123e-01
-7.394071197200648982e-01
1.514862189158642458e+00
-1.085397036380681079e+00
5.226827662360649107e-01
-9.006529724764529288e-01
-3.476658026780339861e-01
-1.117930814320722055e+00
5.739631058378238393e-01
3.504979587576413813e+00
8.833795536099336987e-01
8.369172851535630064e-01
6.965888018163719497e-01
-5.364692000177013753e-01
-5.631522151071419735e-01
1.139173922747178797e-01
2.354862930510871699e+00
-3.145981590706099507e-01
3.166999145816431493e-01
-1.542766156457091586e+00
7.281867149499313685e-01
-3.606456609778601052e-01
9.151788172090606910e-01
9.998294861365921715e-01
4.857114009338422966e-01
5.441975377898252697e-01
5.028238329323405642e-01
6.255409322307925457e-02
-2.045018359065471636e-01
6.669636002200732827e-01
1.542625601530918378e-01
3.083545107512659644e-01
7.866369665453729620e-01
-4.259336995091485001e-01
-9.210689040246552439e-01
2.997830133144635534e-02
-1.900508033639708216e+00
-6.149267588452943939e-02
-2.997989934600169271e+00
7.655682086936165254e-01
1.519363506734255020e+00
-7.784402478417086213e-01
1.936347601747190339e-01
-1.684357828597142503e-01
-7.243401185859892344e-01
1.089134638917712117e+00
5.502845543686700758e-01
1.012371330581254558e-01
5.268298020663353398e-01
-6.016651499615821574e-01
1.915079567943218652e-01
5.161326207013861023e-01
-8.289494260388068358e-01
-7.072921945739371052e-01
-2.891205417574693737e-01
-9.020999775553204536e-01
8.896288689308895492e-01
-4.029264810961319387e-01
-4.139909470236987632e-01
2.675092997392261029e-01
-3.812548038500884751e-02
7.723723877203758637e-02
-1.346036762108889340e+00
-7.687159857876022517e-01
-4.014583088189360716e-03
9.378482847403419864e-01
-1.895785623083438454e+00
-2.005143822158419464e-01
-3.169777604220703759e-01
-1.611361531529662550e-01
-5.277248488243309055e-01
-4.571143607766441908e-01
4.614588915009708581e-01
1.094181199427344264e-01
-9.379172689080186309e-01
5.407939284482004005e-01
9.827751072636441432e-01
-2.266397245141959504e-01
6.545457600438385759e-01
-9.750119428984593828e-01
9.048248358326994589e-01
-3.236255158193981352e-01
-5.220418750855715384e-01
8.227235770208628507e-01
6.905256877224359435e-01
8.560176905333392039e-01
-2.355443404157899767e-01
-1.137057755207418364e+00
8.339216943098404222e-02
-1.241455019960180373e-01
5.841254832774351868e-01
8.186389311041644135e-01
2.200991660058766453e-01
8.352726498960744150e-01
-7.395334011713283751e-01
2.010013724909776589e-01
-7.207058311631132641e-01
9.619972270498888811e-01
4.576035271152636419e-01
5.776252613682604231e-01
-2.705553210858108737e-01
1.947810164019705192e+00
3.062084745646429518e-01
-6.692063265306746889e-01
1.304818769017699331e-01
-9.480866204069859915e-01
1.595833038246897706e-01
-4.258739715925619063e-01
1.548127949906197287e-01
-4.341236324761420518e-01
1.406801791382994438e-01
1.731568020551264464e+00
-2.490757846257096175e-01
-2.477136329716889476e-02
5.556849505272913881e-01
-6.465717507871093783e-01
3.753408483003797258e-01
-1.439993390690254227e+00
3.345438193021486040e-01
-4.790576530113543341e-01
-7.170055646582027542e-01
-3.251752089574326821e-01
2.564441272848850401e-02
-1.348757009898938986e+00
7.435659577208693083e-01
2.098676364847995857e-01
4.337502979771291067e-01
-1.146970130664304449e-01
7.455980759405176350e-01
2.023294204083549985e+00
-4.852550559660380181e-01
-4.756902130661528894e-01
7.232894750409045725e-01
2.017571235427224330e-01
1.605872900932667768e-01
-9.327635748408404925e-01
-5.778570203670287952e-01
-1.298039744977505183e+00
-8.871681377528040091e-01
-2.978980498465890747e-01
-1.689527951657964877e+00
-8.539834986934951022e-01
9.481762101182700242e-02
5.126530347376462293e-01
-9.553075624085722861e-01
2.946701686478352400e-01
-9.048704937544884697e-01
-1.423667634011559047e+00
-3.292650789015836854e-01
-9.450950481670292724e-01
-7.884182251760352145e-01
-1.381188643566603202e-01
1.324502482786415136e+00
-2.492652590719934835e-01
4.680605427982602595e-01
4.093487338532026953e-01
-8.925446291950300814e-01
-7.384919455956477918e-01
4.786642191472993968e-01
-4.815404901066262511e-01
-4.801019042112062429e-01
3.808446148760162853e-01
5.300050159724820631e-01
3.941256462361231172e-02
4.532810104341722379e-01
1.951670182403909548e-01
-9.655166425407732955e-01
3.899966002485456135e-02
2.004900254165240536e-01
-5.891018974610136016e-01
2.953065090760766953e-01
3.035375678390468401e-01
-1.035050585086360719e+00
-3.819840468804288625e-01
-1.299602085206417845e+00
-6.602101020955286614e-02
1.708300913736415794e-03
1.166261719955348219e-01
9.639343153812509613e-01
7.872953258524432174e-01
3.616089943395135453e-01
3.382828031767250998e-01
1.498140446576802454e+00
-9.038797257835215482e-02
2.335746155061028340e+00
-9.530138320062382373e-01
3.728360286809572766e-01
-4.267769590109073974e-01
1.287328642249122357e+00
-9.596434099253302596e-01
-1.053853893226922578e+00
-9.471802866491820794e-01
-6.523658685512525590e-01
-1.556879477012760304e-01
1.375724001550525211e+00
8.221377641503200273e-01
-1.053473917886952049e-01
-2.645577323033956318e-01
-1.455432230953798367e+00
4.892514075851199795e-01
4.017848287945051666e-01
1.406848998012196206e-01
-6.425514220612814631e-01
2.373225559232085558e-01
8.351734248235953562e-02
-5.264605773850397075e-01
-1.571466594269309125e+00
-2.228739733651626587e+00
-2.006669645219931297e+00
-1.162422752238523316e-02
-5.661993107485231436e-01
5.174056826278332633e-01
-1.939235613798776514e+00
-1.822402762986686131e+00
-9.253784457053304546e-01
-6.862704200022591294e-01
-6.600620966667112288e-01
6.443661702400982350e-02
-6.384695178414017125e-01
-3.913698931917868329e-01
5.347270423122103544e-01
9.007817432133446989e-01
4.226323034294554581e-01
-4.103084254349547155e-01
1.124198796352654517e+00
1.162541975296108365e+00
-6.237867815934503568e-01
-9.301493596421903653e-01
4.843135325902443444e-01
-5.513784908436226706e-01
-3.434027384423445350e-01
-4.706516269395213392e-01
