-3.648528315287794532e-01
1.278224255132245912e-01
4.038674937341466542e-01
2.149989156271359114e-01
9.437317776519438262e-01
-4.013819620066036986e-01
-3.624298351753870717e-01
-4.745663927661667447e-01
-2.732409599895233368e-02
4.893947758312476859e-01
5.674784200239051113e-02
-9.920974920489166182e-01
3.360434347111142944e-02
2.521809138434703002e-01
-4.097030160436530011e-01
-4.130781555351379364e-01
2.678486464267286760e-01
2.292014350529909816e-01
3.072850492029469138e-01
-4.018812166131684460e-01
-2.871084217794807603e-01
6.219647731529348578e-02
-9.725944764054565983e-01
-2.831762793099079079e-01
7.113425687579766343e-01
-6.488379161420729790e-01
1.872912958541980699e-02
4.331968654751462977e-01
5.739359418306774069e-02
-4.769222387023042686e-01
6.533102285230951711e-01
-5.419843507104342706e-01
-1.094973994122858396e-01
-4.531704523662989370e-01
7.511262325047365351e-01
-1.463277977216338732e-01
-3.815447897449856240e-01
-6.176912832593439706e-01
7.559685920065012388e-01
3.493347483997797931e-01
-1.779242965869381188e-01
5.740663015310559780e-01
8.423081235726125326e-01
-5.456963283176452517e-01
9.447186079986227836e-02
3.275542280809651263e-01
-6.228261434740398617e-01
2.687412698155914881e-01
-9.289300982600625645e-01
-5.955388819442510862e-01
9.143911109883560984e-02
3.342455820103223396e-01
6.454206935136562739e-01
5.748274278769117951e-02
3.182960236840222668e-01
-7.672445856777403428e-01
-1.651444745753546384e-01
-6.656178711374356460e-01
6.126766612992365912e-01
-2.543423561686616319e-01
4.999887183746697383e-01
-3.668410242257358900e-01
-1.330906795317968738e-01
2.936928356532532702e-01
4.695544494667254209e-01
-4.140879827414174486e-01
-4.861945779625435060e-01
1.756429811710320255e-01
1.415249300685992861e-01
3.304927266702097910e-01
-5.366206711256504835e-01
8.988870876052086345e-01
-2.654978313758037389e-01
-7.798469939848466925e-01
-3.907851893423260892e-01
-1.632972606198329069e-01
5.445731750906748214e-01
-7.203135102258813038e-01
3.281899149152174844e-01
-7.440975749897249525e-02
4.564122386312715607e-01
-3.423800587854389788e-01
-6.504107628419208975e-01
3.904365631463224684e-01
-2.028381342966303069e-01
5.669309967382274440e-01
1.185774518512863890e-01
5.337166520108606038e-01
5.190789517325367086e-02
3.077626467516278996e-01
-9.155013329416805679e-02
1.303302538473098293e+00
-4.605026760860099766e-01
-1.924096167046548678e-01
7.553712663884752931e-01
5.582516119926862475e-01
-5.294449247628011390e-01
1.430095874117828791e-01
-2.435814355673336651e-02
-1.790091212705784834e-02
-2.753099066669589118e-02
-3.226393259709626760e-01
2.355331390449715012e-02
-4.426015502176461891e-01
-5.815768669421916837e-01
-5.864165812166779457e-01
-1.803579420373931652e-01
-3.076544536172088895e-01
-4.161986400749985437e-02
7.770766116168612569e-01
-3.154736617425166756e-01
-1.807447323627636437e-01
-3.535626343444729924e-01
-2.595704814674610339e-01
7.068107937034668886e-01
-3.406227008523783351e-01
3.165621774099779406e-01
1.957883515986155176e-01
5.843146851933204156e-01
2.333501143345258488e-01
2.540381437390481500e-01
-6.835628523617728325e-01
-5.636459897918927320e-01
-3.443331016091499830e-01
1.059963961539851285e+00
2.664834378396130354e-01
-1.109045417080423840e-01
-2.629196842822170144e-01
7.690106131334328854e-01
2.929859318576544247e-01
5.520908156130417410e-01
-2.866451028913735710e-01
-3.310754880932811339e-01
2.813795779560872568e-01
4.000457247569286917e-03
-2.203423313272601658e-01
7.247696789212509927e-01
-2.742679120869707665e-01
1.815576301076537724e-01
7.023702129809197281e-01
9.282201921438463232e-01
1.284898224645497633e-01
9.249732005529811563e-01
-5.267672159525993436e-02
-6.213975225615196024e-02
6.364677298355771173e-02
-3.877234920992253531e-01
7.021767833257874791e-01
-5.668831745235431985e-01
-5.196783991662041746e-01
8.728972727620809557e-02
-4.244486420538012839e-01
5.611058461539893960e-01
3.115685106239265423e-01
4.587931518171977086e-01
7.580772686192821519e-01
4.319162980547808228e-01
-9.003328785748695440e-01
1.098195478681587067e+00
3.127692489620488292e-01
-3.916487095281290243e-01
-9.907524617923282317e-01
-9.491826664305345052e-01
3.994991757817160649e-01
3.157681700404074698e-02
6.378693713667739074e-01
-4.020496285542116688e-01
-5.705750584208703347e-02
-5.717756429292844556e-02
-4.898805012572819417e-01
8.059125672103339966e-02
-5.620434553477713369e-01
-3.118371524050839172e-01
1.218047864107817818e-01
3.802699693169094841e-01
3.938302902715633547e-01
2.857695352777466641e-02
-9.755240688659526371e-02
6.714640769696919032e-01
4.038272995679301758e-01
-3.388281761866067665e-01
2.520585995064943963e-01
-3.164087052937728517e-01
7.638739076271425787e-01
5.619301253930112372e-01
8.372471350040223623e-03
7.044522900932914666e-01
-1.731345971070821499e-01
-1.691537680320111814e-01
3.383868441785238268e-01
-6.831207993620138155e-03
-7.990116757662250047e-01
-3.837356663685489444e-01
-5.040991286676176596e-03
1.225930676512471396e-01
-2.433625353855214946e-01
-4.575371558129751604e-01
-6.741497452101284926e-01
-7.381202369653749873e-01
-1.752126420875347312e-01
3.747765899373161069e-01
-2.627263242319290981e-01
-1.595996966522514326e-01
6.052464330218028099e-01
5.516595797374659327e-01
4.275470252053979459e-01
4.923732268404332202e-02
-6.473703849418013245e-01
3.149222252050091209e-01
-4.196577585642007752e-02
9.392967246520458890e-02
-9.350124751505622944e-02
-7.761905978106947712e-02
-9.587715773848994871e-01
-7.232242342729633400e-01
7.255724094447928152e-02
-6.676911501876516830e-01
3.261951005797972813e-01
5.015076477572512070e-01
2.283204617043981255e-01
2.454472921893199877e-01
-8.667346499285017991e-01
8.212132404478001968e-01
5.595576255221038631e-01
1.666022709377008304e-01
7.992425918998762313e-01
1.241289482886587248e-01
6.569362117741449625e-01
-3.064596588521781850e-01
-3.446398621754065417e-02
-5.371609903200389325e-04
7.010580700979854862e-01
4.126533072786384149e-01
-3.857939835584967003e-01
-1.148511410690035706e-01
-9.154699085034432304e-01
-6.735906310712614330e-03
2.360054745841032864e-01
4.625074324160854955e-01
2.812793807052927919e-01
-7.410117458333129736e-01
5.917429189746047369e-01
-9.741577889378651989e-01
5.606615744653935529e-01
3.958598356600672163e-01
5.953970371955412677e-01
6.782700936939650704e-01
7.655856514935359680e-01
7.886467730220128036e-01
-7.208763267299230781e-01
6.064158998524822319e-01
-2.226162750702547211e-01
4.036545712082240667e-01
-1.664883800151716886e-01
3.836072112292472358e-01
9.573267374752578163e-02
-2.984248670274351478e-01
4.581840168118437862e-01
8.913578569912954386e-01
3.242121861864393773e-01
2.773180651008488873e-01
6.501329836389946326e-02
-5.936440286711945902e-01
5.726372803634801611e-01
-8.765774306092669610e-01
