-5.379205298715775685e-01
8.756930464584302687e-01
6.870446869171984439e-01
5.969929679837300274e-01
-4.711992564142001294e-01
-7.697158406077221349e-01
-5.126744018491526944e-01
6.774313127013509295e-01
5.403236182095411122e-01
2.182300405680645261e-01
4.681028127951455953e-02
3.201551180597922985e-01
5.054624420656201877e-01
6.458559482061723145e-01
-1.114678141095351849e-01
-2.225920336036810721e-01
7.486398885503102729e-01
3.721473518339200592e-01
-5.267438145154483553e-02
1.903149604994661404e-01
1.622483560669285563e-02
-1.171466027221683415e-01
5.802821321857739578e-01
-3.809014066063101112e-01
-9.416307260481544539e-01
4.094472277960339301e-01
-8.433557015177619090e-03
1.901001059800191961e-01
4.172758993877361267e-01
2.970888606765648365e+00
1.860307546029572323e-01
6.760136793658526599e-01
-1.194804723043205175e-01
-5.185889043775336882e-01
1.102859271456573254e+00
-5.959795532166377585e-01
-5.331552855758220355e-01
-9.133535062492978973e-01
-1.179392871027112433e+00
-3.087055045051803059e-01
-3.261773267634024420e-02
3.943910476116072594e-01
1.384305196498582524e-01
-2.496805805400878486e-01
7.158515938733713835e-01
1.964454048258817753e+00
2.904576120357284519e-01
-1.025176729461356739e+00
5.862184579445882671e-01
4.902944953702082498e-01
-4.921422823264269830e-01
-5.380797649855701970e-01
7.501598250007910362e-01
2.835026196928480680e-01
2.649986662473815535e-01
7.918663969163992622e-01
-6.888351167385211582e-01
-6.975017377401988572e-01
-1.915116270845129143e-01
-2.101652590107313534e-01
6.809731716081632857e-01
-8.078830757846773292e-01
-6.970460608120662149e-01
2.393293391385535873e-01
1.015987052620665354e+00
-3.992080972388716287e-01
3.322470014134111804e-01
-5.006411674835130610e-01
-8.053954410959147658e-01
-6.892877046311007838e-02
-6.875115743669336643e-01
-2.742288093220754952e-01
6.019991400832008788e-01
2.922677116144447584e-01
-4.849855444319500775e-01
-3.434212411842952895e-01
-1.410549357424499828e-01
-3.999305917327024007e-01
9.516437521999474014e-02
-7.682054748006059697e-01
-1.810372619836473074e-01
-2.163933749022207698e-01
-1.489095277501202297e+00
-4.151397826234854982e-01
2.514162782111773464e-01
6.786485425015287287e-01
1.650803819723034305e-01
-2.004724715880805697e+00
4.687802800214975196e-01
3.473955892642471843e-01
-6.478389916396721793e-01
3.075428023389819576e-01
-8.236625041865839325e-01
8.130509006612882117e-02
5.106374211915657435e-01
8.768711901985686286e-01
-5.084478061175971009e-01
7.907533749593934624e-01
-4.259145371778731981e-01
-5.855692378519261609e-01
-4.279289058647794963e-01
2.562445988760169158e-01
-2.051544497287451030e+00
-1.585264879235490643e+00
-2.396759797682038728e-01
6.793810365527370720e-01
2.731400807588723473e-03
-2.648074000764391034e-01
-3.606758683155805029e-02
3.531839893745427617e-01
-3.416845023165945294e-01
-7.115287591172195225e-02
2.006322470719304474e-01
1.686323946721353551e+00
-6.840436604686974190e-03
6.373237433654600492e-01
-9.360756831892211305e-02
-4.471181247033569894e-01
7.484886968407813423e-01
-5.787203468855924848e-01
-5.931632431501652203e-01
6.202837480437221052e-01
6.936863566474911480e-02
-6.310372377132873745e-02
-1.216140734357853193e+00
8.420424465902600630e-01
7.210570061931247388e-01
2.279914116794243273e-01
-1.129904065350304299e+00
-1.139980396152176390e+00
-4.199808339825648884e-02
5.277695073482590038e-01
9.378477119986305954e-01
-3.354325147935726115e-01
2.764993464335802065e-02
1.826398116669311733e+00
-4.213244223456830140e-01
-6.686908476061831363e-02
4.869335424103521381e-01
-9.234738485862736823e-01
-1.404541299327181081e+00
1.043017010950455792e-01
-5.126818926962313228e-01
5.044573458933655496e-01
-3.390819502655509354e-02
4.188393241258002719e-01
3.944033993929499937e-01
-1.661961277088146449e-01
-3.670945896699820410e-01
-1.365897563864494124e+00
-4.544288679890272631e-01
-3.476622790315602174e-01
-7.252534359126039387e-02
-3.175470586869242329e-01
2.900309653724015835e-01
-1.546972311820439705e+00
-6.011046232443249815e-02
7.445669908013126115e-01
1.989304377538318569e+00
1.646835720964434646e+00
-1.166529248834600463e-01
-4.906227613750886452e-01
3.895699093814919411e-01
6.877367046979883103e-01
3.832174848608191353e-02
-4.084655894820202193e-01
-6.815000208232345758e-01
-8.238221217194203749e-01
-1.249874804663598515e-01
4.003258591380136622e-01
-9.638959468576788758e-01
7.955798416083801339e-01
-5.173706312663670648e-01
-9.467920933365804315e-01
4.361943165829510471e-01
-2.473132658533576111e-01
3.636194045635745553e-01
1.119902015014746961e-02
-4.184158079862267954e-01
3.134512512434138309e-01
4.231325633249178875e-01
-4.316029417004129121e-01
2.733382920863805521e-02
-6.330784262044628630e-01
3.922567764120432621e-01
4.401460888264775440e-01
2.892645347447359017e-01
-2.929696293330078527e-01
7.912907043154759901e-02
-3.073491775942874815e-01
1.765660494808007908e-02
-9.545345498582034072e-01
1.885392740655807309e+00
7.420569231649841724e-01
-9.678131486221239754e-01
-1.261146151407760208e+00
-8.132588079415693505e-01
-4.233104941543128219e-02
5.150503478029795357e-01
2.786838738927195358e-01
-3.544865844293136892e-01
3.111578353666444308e-01
3.565535963833404987e-01
8.853370448250897917e-01
-1.746441930628063632e+00
3.822445650616222990e-01
2.135357281655199668e-01
-1.828591408065427304e+00
-6.876186503646821713e-01
-1.634525461677215630e-01
1.227522160761719050e+00
-2.146515723651216123e-01
-3.623508655893045161e-01
2.188604313813720115e+00
-2.057868772585717820e-01
-7.054900329330304753e-01
-1.451968512434446690e-01
6.177591933576496164e-01
-7.010525984710912484e-01
5.279243519814432739e-01
-1.965020725385457911e+00
8.307718124998875187e-01
-2.154708369236078558e-01
9.766917761768822981e-01
-8.448179469076111392e-01
-8.550408500644555154e-01
-1.294666742125358594e+00
8.083526764815496257e-01
1.811316834442883716e-01
4.316368464971808150e-01
4.717049124124261805e-01
7.646153069276234726e-01
7.001660919303419606e-01
-4.006531931295896354e-01
6.314506171384132172e-01
1.722458695519804850e-01
-9.765884842953403977e-01
4.826383588300342531e-01
-1.831140278405089528e-01
5.233312668953753466e-01
4.715638357513892709e-01
-5.703251928016387362e-01
-6.008127702156851324e-01
3.270752363163223486e-01
-6.924032800424952949e-01
-6.514590724993069015e-01
4.275934187667537745e-02
1.443755205420665377e-01
2.695163144562155999e-01
1.671538666703961118e+00
7.166480755762689725e-01
-3.927057831019326040e-01
-1.855477369136632193e-02
7.584553899231669671e-01
3.476202947960477241e-01
-1.762872567108877131e-01
1.400459254672425380e-01
-4.756754915800593397e-01
-9.936908911770561681e-02
-1.829467743271999125e-01
-1.341658542122310838e+00
6.901745316753766790e-01
7.955932332562574150e-01
1.071212058888906526e-01
2.633655860835027451e-01
