1.469881456459920521e+00
-5.699047721703571767e-01
-2.004927510071270014e+00
1.522357799796078659e+00
-1.447136763116922409e-01
-2.220750268680621864e-01
-3.332687698412439836e-02
-5.052164370866996795e-02
2.542302947901112775e-01
2.312663243465644114e-01
-6.244544581649851267e-01
3.533813837709381400e-01
2.854275242619305875e+00
-2.254157458579256090e+00
1.082381297134673792e+00
1.579250780789309971e-01
1.446776332085274674e+00
9.835637073433791677e-01
1.117776035350297015e+00
1.407389810786136009e-01
3.481732587211060492e-01
-1.008348304171746701e+00
-2.974679022635041914e+00
8.403385263341003331e-01
4.081009619032700542e-01
6.854372470088115898e-01
5.291835712932901892e-02
7.043836974526733741e-01
4.384657414491550109e-01
6.195508757075871564e-01
-2.955753772925677758e-01
-8.110155725184374498e-02
-6.112815432582934250e-01
-2.726522739252548733e-01
-4.976363982588971613e-01
8.187665179887193556e-01
-9.689901148774718864e-01
-5.682639155661026731e-01
-1.270891519185854968e-01
5.720427221646401383e-01
1.222005722975701314e+00
-2.011220794592623873e-01
4.563643352340759352e-01
7.225056967704435174e-01
7.695200875774570459e-01
1.270338954452237878e+00
1.053212499883451114e+00
1.143321634301462275e+00
1.528573435076916454e-01
-1.364809518998182369e+00
3.854879839094225602e+00
-7.184419494328396771e-01
-2.301291700912461713e-01
2.811276530654319483e+00
-3.068769555155640427e-01
6.541054310233076485e-01
-1.561045357133316491e+00
-1.916138411019219223e+00
-9.662856867066319522e-01
-7.530451533123279084e-01
-3.470172237090053957e-01
-6.652776786058894887e-01
-2.272168906886948836e+00
3.786347697514764743e-01
-1.206745792962401476e-01
4.077426672627473270e-01
-1.013805169688071661e+00
-1.496543675794380635e+00
-8.732288183836509621e-01
6.018210779609430849e-01
-7.246345380930995228e-01
4.569396230117955815e-01
-6.376198044608935578e-02
1.172937046174453046e+00
1.120300586076455218e+00
-5.679622008368266639e-02
5.681988191389057974e-01
7.579345510048035583e-01
1.097323565417989144e+00
1.432797643188074010e+00
-1.113799606957998956e+00
-1.245229574517653370e-01
1.076502515800334958e+00
-8.140978828093359265e-02
9.179167064683393940e-02
-1.786020984035121550e-01
-8.965120046315755431e-01
-1.453793004949101242e+00
3.004709854394128632e-01
-1.910489688863457713e+00
3.846866484227851046e-01
-4.791461027327746924e-01
2.618742720707260219e+00
-3.535293001570516402e-01
-6.243934344773340861e-01
3.906160304584925802e-01
-1.201764104459507543e+00
-1.752767664569050698e-01
-7.587268057704880109e-01
3.448295491033447346e-01
6.516272372477379671e-01
1.139791164299562176e+00
7.475097430275812194e-01
2.569183534640787414e+00
2.060908511339964999e-01
-6.576785894441112834e-01
3.728386986566967209e-01
5.346269805581209678e-01
3.595746899191147872e-01
-1.263691063765542522e+00
-8.714874078317547124e-02
2.511168818112661683e+00
-8.402151070698602453e-01
3.588732133377443567e-01
-5.231205973701836820e-01
3.324896332032218904e-01
1.051063827969159981e+00
-8.976444317311593757e-01
4.883715517979601017e-01
1.642286278016774848e+00
-1.176237984127083358e+00
-5.728405489039456455e-01
-3.439907085254384489e-01
-2.734770708487347157e+00
4.210434193444004825e-01
-2.339004035806862003e-01
-4.832985955520056054e-01
-5.499838989690364333e-02
4.807886146882557332e-01
-9.976011527039672089e-01
3.542531129715159821e+00
-9.164117183166509140e-01
-1.028405328044778022e-01
-1.121696413073215437e+00
5.065015019816894171e-01
8.297858552937033005e-01
-2.761188668822148196e-01
4.933840146631036649e-01
-3.240895579345757227e-01
5.114867698096989823e-01
2.599783401213918710e-01
7.752945715275034733e-01
8.835566432147479166e-01
-9.503808372453201869e-01
1.220527130535539628e+00
2.143947519254291834e+00
-2.156898576912278376e-01
-1.848781006745497280e+00
-7.798529398924947120e-01
3.621467648937132244e-01
-4.330437096268833219e-01
-4.650563150398601131e-02
7.237454722402500984e-01
-1.194242430288332546e+00
1.084128487361334159e+00
1.103004267126768134e-01
1.934847900518050501e-01
-4.042741248842497415e-01
1.819248092638503511e-02
8.769901866597318296e-03
-3.599728420192329637e-01
-6.046019014849575157e-01
-1.345462533662754034e-01
-3.616085965193842622e-01
-7.062687316207578725e-01
2.704017062185040121e-01
-4.190439824671020608e-01
1.025272098249442987e+00
-2.003727771839726723e-01
2.678701317178576957e+00
-5.079245379524275350e-01
-1.407350333741284043e+00
8.039943874408926883e-01
-8.241000975008354601e-01
8.584948386347424076e-02
-1.405547971717860389e-01
1.522860193479491468e-02
-5.591408983601405813e-01
9.200170521538054980e-02
5.707142272562517604e-01
-2.598291137658252925e-01
-3.576596674774377288e-02
1.145089967414255172e+00
8.991966857766315879e-01
6.444195994063969257e-01
3.652132623887563434e-01
-1.756166211775146202e+00
-2.521814651881674862e+00
1.176208936499623381e-01
-2.449940918876853058e+00
5.610937196898643231e-01
-8.287545342538431559e-01
-3.317228527360755574e+00
-4.642954771174162554e-01
-2.770348481900257731e-01
-1.149057348198853967e+00
-1.521925357173300242e+00
1.849882963756401821e-01
1.765119222304388780e-01
-2.883627669139139371e+00
5.788016695232462983e-01
1.165737192794094712e+00
-1.341532217445755570e+00
-7.614660921584532893e-01
1.434571638984190489e+00
3.493036986692112933e-01
-1.995608605716125972e-02
-4.649679695551556247e-01
-2.233641960528035320e+00
7.875781300594111300e-01
2.701304266035186252e+00
-2.824153282750456739e-01
-2.272146613322945374e-01
1.533351652343112326e+00
-9.641883884113507941e-01
-9.176076059649893590e-01
-9.871758099677661047e-01
9.358594392667629602e-01
-9.946708030669995648e-02
1.498459826469374034e+00
-1.955330406242071994e+00
-6.994144668394965958e-01
-7.273608224703611569e-01
3.660661230434331670e-01
8.541591796417422611e-01
9.777791961850632596e-01
4.919327781508011643e-01
-2.031557704398574415e-01
1.729452132292466082e+00
7.857772198920195406e-01
-7.600907401837381228e-01
-6.703866471894680545e-01
-2.799124248026065298e-01
-3.092429702263510549e-02
1.698896920778625752e+00
-1.917129785393999475e-01
7.011697412659717576e-01
2.349527045350157550e+00
-6.657647406817401858e-01
-2.715991335620508984e+00
-1.588543042941601202e+00
7.117502022737256517e-01
-5.763706113282994759e-01
1.639457707800182185e+00
6.500160109174316636e-01
2.639807955719306154e+00
4.389155398490314774e-01
-9.030214995424423741e-01
3.184316066533411926e-01
-4.175251299309233888e-01
-9.649021237112430649e-01
7.306958597598521843e-01
8.836636226265327521e-01
-3.046245735176713154e+00
-1.264158694372561564e+00
-1.567419934249226987e+00
8.437568015616959960e-02
-2.826157076945456925e-01
1.978130121457534418e+00
-3.191878196726484207e-01
-3.134186517896784818e-01
2.431570664666642956e-01
7.976443751151556238e-01
-4.995803753426526495e-01
-4.706976924992296585e-01
