1.767639656746954890e-01
7.651716312187577529e-01
1.661024062733247320e+00
4.767277638662265060e-01
2.516486868243018038e-01
-2.025517093683888437e+00
1.141362788462949140e+00
5.216353887947173806e-01
7.749190962571370633e-01
1.715166432645532923e-01
3.502146813848965312e+00
8.918618690544393157e-01
1.313831330855147250e+00
-1.972631930378019316e+00
-1.695330645955420434e-01
-2.199417143371726613e-01
-9.633751434493951216e-01
-2.693379596296086032e-01
4.694187161313814749e-01
-6.195066309521866099e-01
-4.712924350583754807e-01
1.560477954150549129e+00
8.591502248171394296e-01
6.240901546795928345e-01
-1.017285807685622601e+00
-2.307019212249577400e+00
-5.761004911200083844e-01
-8.614377615866755100e-01
5.270085310281924507e-01
3.360384487755828098e-01
-1.427319208039218079e+00
-4.412541104497264000e-01
-5.967107783490949863e-02
-3.668527557020637708e-01
-2.805623004819132182e-01
-1.747702492457461898e-01
-6.736761644103997360e-02
-1.062976972459656888e-01
-5.325335693215326183e-01
-3.686518846292224233e-02
3.854002045977443780e-01
-6.904029303822449559e-02
8.666205498619250491e-02
8.836135109676087618e-01
-6.707319297325354812e-01
-6.555111684929031401e-01
-2.076097075424609417e-01
-1.872755839371762043e+00
3.295789442614664999e-01
3.558900714287025480e-01
-1.273939722977390332e+00
2.498100556184583709e-01
-3.833067247922757881e-01
2.100890796872068478e+00
8.854404729451261780e-01
-5.680552464180605998e-01
5.917809203195837364e-01
-2.306300623708653075e-01
-1.753067103399597038e+00
-3.219386062048965602e-01
4.771876037882163968e-02
3.110260548267475555e-01
9.755672500523620005e-01
-5.431943029182029203e-01
-1.251705107185613064e-01
3.882712399145356597e-01
5.546138982725896671e-01
1.046858198147307739e+00
1.861394964878692493e+00
-9.701531352385055484e-01
1.126941780132794113e+00
-8.694854080434999410e-01
-5.727968223871287012e-01
1.968860687777431506e+00
9.545992218553188413e-02
9.102706843111694202e-01
8.841701027349174735e-01
1.577659142279577431e-01
6.415148618337855879e-01
-8.628111875431924149e-01
1.342640470004877296e+00
5.400446218023454703e-01
-3.285905127401240189e-01
-1.531035387931954261e+00
-1.202859483537726648e+00
-2.748103998673969914e-02
1.181975835591619228e+00
-1.507720549042524283e+00
9.667705686389317654e-02
7.001866173860199494e-02
-1.842863164587157376e-01
-4.050561938854868038e-01
-1.020452099948654379e+00
3.933696241274072802e-01
7.495626338281979884e-01
-7.063326208351183855e-01
1.451141453751040311e-01
-1.808333855608443008e-01
3.277159860868389396e-02
6.764780669243917188e-01
2.307840790274210185e+00
5.257514337274349359e-01
-5.306877612699842928e-01
1.094761843194436146e-02
-7.538882851513094563e-01
-5.822206629256030386e-01
-2.051969739712990737e-01
6.381714987733508870e-01
-1.799536507564125087e-01
1.520401625786383000e-03
2.201892858101042627e+00
-4.494471987687886916e-01
6.937391537048225310e-01
-7.753680335115117339e-01
-2.076013238095512359e-01
2.493680148067997093e-01
-2.189540035611026614e+00
4.833550030452712920e-01
-3.888191929810755343e-02
1.917255871501400213e-02
1.237234700267148213e+00
1.830036496098381926e+00
9.461058463289451215e-02
3.991004220825559168e-01
-9.493454371814604720e-01
5.810245258832671400e-01
1.254263115205367374e+00
-8.286727395466894630e-02
9.274561034753709965e-01
1.676250812220509312e+00
-9.863086670253318200e-01
1.157383419275594072e+00
-1.940623954010306740e+00
1.288457468220684410e+00
8.283356584783998500e-01
1.418324412377691468e+00
3.145753862273806267e-01
-9.472890119677866982e-01
-1.436101095524419113e-01
3.738034620397501229e-01
-6.277515254355210406e-01
-3.157475365962637781e+00
-7.607403577806937101e-01
4.238320527660068837e-01
1.693222788337914175e-01
6.010575754327328601e-01
-9.235301387983136934e-01
-8.440478485565003908e-01
-3.965599963883498225e-02
2.858191173622324777e-01
-4.118391312473412835e-02
-2.404303922236094682e+00
-1.239082341669028864e+00
-1.487313314913391027e-01
1.400055987505848698e+00
-3.479981999038878060e-01
2.059562117900160527e-01
6.402310421569198939e-02
-1.530462594588446912e+00
-1.741562789732537642e+00
4.239983751825154856e-01
-1.130621854757119377e-01
1.327121369543658114e+00
5.038742842146228806e-01
-2.333536187818057578e-02
9.122960092751670746e-01
-1.631494687821916756e+00
-5.643846291341729771e-01
-8.812704017522408062e-01
9.795935910647708411e-01
-1.586245994419572813e+00
1.412850243309618170e+00
2.535642088793085835e-01
-1.976471944913632539e-01
-5.808301011667073299e-02
1.067165124355026862e+00
-8.300548736859556520e-01
-5.221575232011433920e-01
2.334400016703816583e+00
2.007409753972691779e-01
3.255959042865392838e-01
4.161659795618696117e-02
-4.522933540231067751e-01
6.931806088044625724e+00
6.035807328484259493e-01
-3.266722002628577037e-01
-3.159234976136101825e+00
-1.505214180755493292e+00
8.190708180727726551e-02
1.989339183280678602e+00
-7.634047818871582403e-02
-6.593980735052205056e-01
-4.516565745249056518e-01
3.148069893848586820e-01
2.690477699351622176e-01
2.344735549654625162e-01
4.713886305106247399e-01
-8.898334319281849814e-01
-1.248886308224346875e+00
-1.520707397275865569e-01
1.306119069846605862e+00
3.054628406371968641e-01
-3.089462687347400704e-01
2.026943128021705842e+00
6.429771996037232373e-01
-1.440178218630923546e+00
-4.246490990152441691e-01
5.760460350268858942e-01
-5.692535668436067287e-01
2.303017771443510053e+00
-4.363050385804947418e-01
4.699242878440852700e-02
4.019924839811757078e-01
6.086936663485773558e-01
1.401820679262493763e-01
-4.315256153688162843e-01
6.920888169908359089e-01
9.520810064628477676e-01
-1.342204039877431310e+00
-1.920878755476122801e-01
-2.453741130602903997e+00
-1.690039838747143586e+00
8.197781884035593158e-01
2.505204172704557308e+00
1.842899148382103114e+00
-1.294924893454561410e+00
-3.953238642790827262e-01
-1.246643773743490446e-01
-4.860348842252361357e-02
-7.028558229603055763e-01
-5.847176422574060783e-01
-6.549958044174730709e-01
-1.732151414525026301e+00
-6.718093105556506295e-01
-7.125657412090208309e-01
-1.455847988352549915e+00
9.787630268445917103e-01
1.194359201107199897e-01
-2.887570620193822823e-01
-8.444244339840263347e-01
3.758443656619751827e-02
3.516072056988855388e-01
-7.637588224735769593e-01
-1.252738424719489485e-01
1.194222284652290966e+00
3.068963671678469618e-01
-2.584930753947937809e+00
1.472589511984036814e-01
2.484671180167762117e+00
-3.936466774192133311e-01
1.343310759897392570e+00
5.767483624880963555e-01
1.411127201007015275e-01
9.605544799331022787e-01
8.032807300140016871e-01
-2.021196027145945595e-01
9.738900638376850605e-01
6.454146909909979080e-01
1.533349022500937853e+00
2.869931001195045184e-01
-1.089216980564209347e+00
-6.768829550536782369e-01
2.569371705430951280e+00
-7.270730868397679014e-01
-9.129635115502707787e-01
