1.204295498383426422e+00
1.071133817332518667e+00
-1.785320877296471195e-02
8.823481247444261433e-01
-2.972812776838790194e-01
-6.684656043687193794e-01
-5.592086513319128871e-01
-1.115993877679481161e-01
-5.685179557986514975e-01
-6.417445049792819267e-01
-2.002436210526207239e-01
-1.635621458183280919e-01
5.360298886289101006e-01
1.119459713369885367e+00
4.448690326699476505e-01
6.936686750774436749e-01
7.979455920464280094e-01
-1.760157192282107985e-02
-2.094567467112313230e-01
-2.154016389205864329e-02
-4.093416592497178819e-01
1.203081515360294951e+00
-6.426276862604227702e-01
3.584183901927937566e-01
-1.520963074901311718e-01
-8.567812060192808721e-02
5.994068053556803610e-01
-8.879981318692000691e-01
1.313565213679185606e-01
1.187920044696542554e+00
1.774563460324083408e+00
1.356025533964807073e+00
1.204684463042168474e+00
1.409386188820975327e+00
2.358928779639668516e-03
1.332635339720854573e-01
9.141945536817117635e-01
-9.383113464260478542e-01
-3.757000512383825708e-01
-4.757429959408477904e-01
1.922515299344360606e+00
-7.523046220253996053e-01
9.592692108715938915e-01
9.654058650871139013e-02
8.888430158073445941e-01
-8.655594107772971446e-01
-9.334000697002171609e-01
-4.569129333846272401e-01
-1.138474219420808897e-01
5.672621681759997259e-01
1.467664238151067835e+00
8.561106137805645222e-01
-1.316913360114654985e+00
-1.167935277120393245e+00
8.752249520182253661e-01
5.436082896606719839e-01
7.714170412756797823e-01
-7.082167120849567343e-01
1.610739402215499938e+00
1.185404508250883504e-01
4.245298338393954651e-01
-1.305447221470370511e+00
-6.635559666589355698e-01
3.835539159259246933e-01
-1.961048818898341040e-01
-3.962556200854662203e-01
-1.520065432776386005e-01
-7.766922518169665501e-01
-1.974458160577513555e-01
4.636195212728229098e-01
2.375609489181287892e-02
-1.570845821686311927e-02
-2.324506209562605119e-01
-1.588885585825652536e+00
3.890709507475840212e-01
-5.855738059335307000e-01
1.983086187247597165e-02
-7.935274283889767188e-01
2.847552135379086025e+00
-9.457885241626440287e-01
6.523903245279306651e-01
7.563105230889540787e-01
5.426384194324730403e-01
-5.698166704463364374e-01
-6.204301425230102085e-02
1.780685271866000896e+00
7.166465837632713942e-01
-5.897243148181838257e-02
-1.264510160192330757e+00
-7.367508025990939791e-01
-2.191916179596042902e-01
2.612877365773819682e-01
-9.480300179711190212e-02
-1.651925454435216878e-01
1.958944926473791259e-01
-7.113726396441949484e-01
8.533932576643890044e-01
1.501351739612025504e+00
2.867533524431888026e+00
-3.081494377369348725e-01
-3.151395704121558450e-01
-2.596911434518131001e-01
3.382320325128783667e-01
-1.784149729058203959e-01
-6.768040907895631619e-01
-4.393049385336292856e-01
4.683437070448236428e-01
-1.653866618642002850e-01
3.645327908635874747e-01
-2.096069672578664278e-01
-2.195599444264559441e+00
6.297859648129199295e-01
-1.146612593866649377e+00
-1.514883151392284466e+00
-3.873059223261941519e-01
4.353183792186550161e-01
-5.882660961257261123e-01
-3.496550421932059782e-01
3.660781622624069143e-01
4.953676502294399597e-01
9.716087699834157210e-01
-3.339410896519710015e-01
-3.742517375776026056e-01
-8.939938655171750237e-02
-7.299821631620703188e-01
2.904155957758938200e-01
-2.809298729412102458e-01
-2.032722577321052770e-01
-2.142101280439287492e-01
1.599432656665990660e+00
-4.461368047848655038e-01
2.856053555917688613e-01
9.236210374780671195e-01
4.572049581195606893e-01
4.364270510605385844e-01
1.239972444620443870e+00
-8.856706726068144242e-01
5.331537321530065432e-01
-2.349807015085638995e-01
-1.832784019437468936e-01
-4.487225274942914510e-02
-3.015371759412597830e-01
8.845012139485095570e-01
5.611093035021211817e-01
-6.421396710111839656e-01
6.694298686558339817e-01
8.024278714874053531e-01
-3.436708806171515640e-01
-1.029989508935624798e+00
-3.150628388194236518e-01
5.565595417301122394e-01
1.442715868291831460e-01
3.878047021801289684e-02
1.546913737486660112e-01
4.415469821996050037e-02
1.725499169513077025e+00
4.208465427276191217e-01
5.553204296403988494e-01
-1.894423324971427736e+00
8.035053684892998760e-01
-5.066873683511377013e-01
3.378845997515580457e-01
-9.352084820892594408e-01
2.929588317786431806e-01
2.210500295646137037e+00
-1.520885401358001987e+00
1.124952320236103587e+00
-2.267030017830362343e-01
-1.603473191225249561e+00
5.609510623257863982e-01
4.290022050412858334e-01
2.729663010786057553e-01
-2.604476939211652908e-01
9.356189615176622176e-01
-1.133572692605141263e+00
-1.141615169322466095e+00
-3.700701319660996136e-01
-9.984323844805154113e-01
-4.009771799677445125e-01
3.288294712436306555e-01
-3.986638123686828683e-01
1.647596366890692332e-01
-6.804452395122508879e-01
4.105408950844955385e-01
3.552496505575402086e-01
2.295905018048053137e+00
-4.545755309686478896e-01
-1.491773677967989375e-01
8.802864074751444168e-01
-6.270454744881959197e-02
-1.303244355538934807e+00
1.250824055008587510e-01
1.516158652280588104e+00
5.221377324784943763e-01
1.091013608592966699e+00
5.586671363423079129e-01
1.167396285439185975e-03
3.025788360072000360e-01
6.236964838556500190e-01
-1.089569940528013620e-01
-2.735687610697365435e-01
2.014933306380650158e-01
-4.993035762616886419e-01
4.487940247747983502e-01
-7.896456692442987979e-01
2.521194842072272402e-01
-1.182855062215955932e+00
-8.654906979288341518e-01
5.492124876236099684e-01
-2.920788778459637580e-02
3.777163411654058112e-01
-3.512562192197428157e-01
9.078133509492603004e-01
1.089440034202464158e+00
2.585144232183187452e-01
-8.236543822294279948e-01
4.268323767076212527e-03
6.039317517244120470e-01
8.093768479183063302e-01
1.024134930067723825e+00
-8.666901081437217158e-01
5.491326487598746642e-01
-5.509284040851586406e-01
-8.187819444823652981e-01
-1.227299878333517613e-01
1.879653681371060703e-01
-3.664395211192743584e-01
-6.572849309630605097e-01
-3.963885348707651413e-01
-1.730577015698658183e+00
-5.773568288400607873e-01
-3.341031196431768491e-01
2.905182317582758467e-01
-4.234806837725278994e-01
9.962327914493502856e-01
2.488374017064925781e+00
-2.691160486705167498e-01
-6.240719593833783385e-01
-7.848817428283344499e-01
-1.228074483098462233e+00
-6.763215914535626316e-01
1.851103755877306689e+00
8.436394475154314065e-01
1.003056624482816961e+00
-1.043353216727970656e+00
-9.748000639991952210e-02
2.830685986077048910e-01
1.327362744098117719e+00
-2.446253263879688555e-01
-1.736605137173439783e-01
-2.711840252732081735e-01
-4.759440865438560042e-01
1.045964803308933044e-01
2.960707860793165835e-02
3.773550801409795152e-01
-3.913210054380669156e-01
-1.603578323756753576e+00
8.455184175930292589e-01
-4.531270092414378947e-01
1.755764535104742952e-01
-6.933934010960471350e-03
-2.675325361437356220e-01
1.541433341215991404e-01
-1.991666467955945929e-01
-7.859075447337144915e-01
