-1.425676190015163325e+00
-5.073072431885520261e-01
2.560291535372463123e-01
-3.140673611433984491e-01
-1.107532727061791289e-01
-7.803975590454531597e-01
-1.030838788502897119e+00
-7.249617425617636002e-01
1.030085742409902472e-01
-4.961829193079252409e-01
9.226930264537926973e-01
5.741239856165611943e-01
-1.571437500206783078e+00
3.116373253914418440e-01
-5.158393041041359206e-01
5.689800406243828573e-03
-6.885123078310548816e-01
6.130916169906095448e-01
2.423852968880270353e+00
7.009118262473379435e-01
-2.229537858250138505e-01
-4.302276991261780315e-01
-3.848871642624954736e-01
2.813116377583513295e-01
-2.476058172163763671e-01
-8.611763782962078562e-01
2.519651836658574062e-01
-6.948260214701806881e-01
2.283092401589848386e+00
7.126730401725683839e-01
-1.982335105255099983e-01
-1.813288815882149629e+00
-3.747509390768964943e-01
9.759561827013119029e-01
6.592846900025949308e-01
-9.440180945596611251e-01
-6.985820020769597516e-01
-5.082338221147255641e-01
1.692790037340442311e+00
-4.523571364514753501e-01
1.544959925579290516e+00
-6.116972862943188538e-01
-3.136448405941812956e-01
-1.505907847092833540e+00
-2.969644440195907120e-01
-6.285778975488260922e-01
1.075606361060789995e+00
5.614902297728081582e-01
-4.080470843205565856e-01
1.394141909072149910e-01
-1.745257364743345363e+00
9.691861374307337851e-01
-5.575822109123660386e-01
-8.067546970836823039e-01
4.694408618964677760e-01
9.672126536066631974e-01
4.143808745301429119e-02
-1.624716225460478558e+00
-8.306385007508119145e-01
-2.469516344880558378e+00
-6.241859204612084655e-01
6.178571121734394156e-02
7.421406558596073122e-01
-3.514064271360703429e-01
-6.143616056219578514e-01
1.083228880376362779e+00
2.796270472377541116e-01
1.132328788476195808e-01
-8.833080653652271019e-01
-2.995956624057043438e-01
3.654149503580466529e+00
-9.247166979513080087e-02
1.647744868088419079e-01
4.291356840120739147e-01
-7.242360279579155291e-01
2.362686721141290747e+00
6.608136771552972633e-01
-4.100384231264586621e-01
8.714804778297098320e-01
1.474435952206133993e-01
1.152686716188366045e+00
1.442582424540737485e+00
-8.195302845168900285e-02
-5.270506895149718041e-01
5.720516182059088850e-01
7.401598277796661574e-01
-5.194673954559976270e-01
4.839847359528921533e-01
6.324194148698574214e-01
-1.328492891075291338e-01
7.668579231614357505e-01
-5.418326429771900266e-01
-6.190888904923566027e-01
-1.332598996591404239e+00
1.813485323597839649e+00
-2.413814813104445400e-01
-9.282410408160377546e-01
1.000355895940935991e+00
-2.258925027427545640e+00
9.289564272066774819e-01
5.692872997020858028e-01
5.439446799342564365e-01
-4.074833352773790107e-01
8.132176879636757172e-02
-4.545097088811896890e-01
7.771388165038975449e-02
-2.534162568101119728e+00
-1.040558268666907038e+00
-7.581060934000816154e-01
2.995465237751843146e-01
-2.430060319109785816e-01
-6.132527788644861477e-01
-8.330078196325504392e-01
-7.739308150061428027e-01
-1.437594366978097726e-01
5.275753968627949764e-04
-1.391500674224417144e+00
-1.209587306074005469e-01
4.885708635615668705e-01
6.843620109253129025e-02
-1.215611988064551507e+00
7.476582216519149782e-01
-5.374536852529836484e-01
-4.732766382449609677e-01
-2.691902812677547940e-01
1.412084368576974169e+00
-6.767571101477136697e-01
-1.254797011769235582e-01
-2.007270660300561060e-01
-1.122298243771024273e+00
4.322281969787440392e-01
5.345449454132255029e-01
1.752508959288516799e-01
-1.798871100177812377e+00
1.083993969684074798e+00
-5.900095675998889844e-01
-9.217087954748486300e-01
-9.175396156621902499e-02
4.442076738694628602e-01
-4.366623244023685180e-01
-5.323180126114046562e-01
-2.109069176690551994e-02
6.225476752755091381e-01
1.417819666643982401e+00
-2.457692849251842948e-01
-2.939630280878282459e-02
-4.779636913139689858e-01
-1.177321757300884952e+00
-3.921483947570336137e-01
6.267448110900326608e-01
3.177376334732154861e-01
2.148158791611784579e+00
-6.469733784580193880e-01
-6.382463410080456701e-01
-5.562543798521215610e-01
-3.513063556868860071e-01
-1.396813502615310343e+00
-2.973701157194074129e-01
-7.684279899059039132e-02
7.382660552133050169e-01
3.444685378777001539e-01
-2.866930457332357296e-01
6.834375411472284334e-01
-8.543945010839457121e-02
2.820129013871024437e-01
4.099271134060161748e-01
-1.667984759108001480e+00
-6.969195895155104736e-01
-4.917457337727176858e-01
9.817304449618113882e-01
1.441879733156912202e+00
-2.116335893888164676e+00
1.073298180324560036e+00
5.284207571488924726e-01
-1.457366534634324751e+00
8.172043100701742446e-01
7.142466876794278940e-01
1.008179824179170403e+00
1.992430056255885429e+00
-4.204621174882902102e-01
-2.758419888418174870e-01
-4.459282921567500613e-01
4.601545482460848713e-01
-2.114385756422730855e-01
-1.091597450334782504e+00
1.887474323461864500e+00
-1.108209941519641140e+00
1.466020518559513763e-01
3.021375463868679057e-01
4.887864069325966176e-01
6.670598434557479806e-01
4.699224157681924918e-01
-6.604301831985602833e-01
-2.860442127903486953e-01
5.020562252042539697e-01
-2.823115090187743870e-01
1.355784171060630428e+00
2.305879186915023304e-02
-2.481048086754383819e-01
-6.545834582213325148e-02
9.136417396004121727e-01
-6.635513607881682319e-01
-1.853017051756534750e-01
-4.207035998186532955e-01
-9.669779110856744353e-01
2.849443781809885001e-02
-1.037453511079705626e+00
-2.824833708756003814e-01
3.139914521240315670e-01
2.236901302776421185e-01
4.288375113678603023e-01
-4.737914001444517575e-01
-4.798578939373357444e-02
1.033231154583514888e+00
3.992933394526960722e-01
5.186390539922383081e-01
-3.215485423146706712e-01
1.172461803662395052e+00
8.331652033558074599e-01
7.187415042301132928e-01
6.910451508175367852e-02
2.520536626637497335e-01
-4.814855095753665104e-01
-1.143306580230155634e+00
-1.876028595661140885e+00
6.809836205724474345e-01
6.707808038716546184e-01
1.511396429407135145e+00
6.303395942134244583e-03
4.647733704150946998e-01
-5.068119709332992162e-01
-7.303490121614663044e-01
-8.135732467456608941e-01
6.149568367935371871e-01
1.266937105736545721e+00
-1.645872745518674130e+00
-4.911728874336879214e-01
-8.729769615465918231e-02
-1.476757938283768390e-01
4.232411486202123929e-01
-9.607754594669084547e-01
-4.909476283617131842e-01
7.036782785391592077e-01
9.181811898110581183e-01
5.033647131703319344e-01
-9.092748655275387226e-02
1.729746155603175017e+00
-1.890371931913884973e+00
8.997017143430587893e-01
-3.883526385160555039e-01
1.422708142916483121e-01
3.738837861285438380e-01
7.651210064653918286e-02
2.247167090529236244e+00
-5.384504573545650236e-02
-1.122900421283985928e+00
-7.691790257821735921e-02
1.138733077275752237e+00
-2.119655807219470722e-01
-1.426875171276779763e+00
-6.015081048441883738e-01
1.967291781298110998e+00
3.433295888882734181e-03
8.789234766260897169e-01
-6.737042213483738218e-01
