3.849244736647294274e-01
9.234563268214468490e-01
-1.882250950447471816e+00
-3.914146705867770915e-01
-1.501106214585212317e+00
1.857312520859934479e-01
7.484410622393468104e-01
-5.807025742611591212e-01
-2.648202631936547036e-02
5.266574643242376563e-01
-2.725373993734495848e+00
-4.001075874350960848e-02
-1.931438103616260615e-01
-1.019131597110729981e+00
-1.103382350924443811e+00
2.815394652286812294e-01
2.260427936913648461e-01
-3.324893288924899992e-01
1.019168732963729784e+00
-7.113954873759162911e-01
-7.403835660001346630e-01
8.457570159893257333e-02
-3.943040324362582227e-01
1.364109759217423612e+00
-1.557739886355562486e+00
-2.298524473862297024e-02
-4.810339712562312631e-01
2.604035806711306744e-01
4.168367649026710753e-01
-1.245516597138450532e+00
-5.957759501604656949e-01
1.788371688012546645e+00
-8.870298390892514817e-01
-8.512592773073064389e-01
-5.827881296129716615e-01
-7.141319841544232494e-01
-1.302900117951153902e+00
-6.214126516204431239e-01
1.634879023140663468e-01
4.724975583129507606e-01
1.178233855227996951e-01
1.187950622969153214e+00
-1.215223515766181150e-02
-3.658841772897769573e-01
-2.902054314157534454e-01
8.719835488600540668e-03
-1.548680672680627923e-01
-2.177259581532858146e+00
-5.451533913831781986e-01
1.688147203102746685e-01
-5.407323075612718855e-01
-1.230849232636266111e+00
-1.657200597104343531e-01
-2.533450891495974133e-01
-1.848884808858278495e-01
1.374000598236123416e+00
-4.038486627935974349e-01
2.007858968114753506e-01
-1.024389212520195880e+00
-1.695067469629733259e-01
1.187280767245457946e+00
-5.062731919352261301e-01
-1.940112451267416827e+00
1.482389950248019783e+00
-3.225135655133454793e-01
7.386478125342226253e-01
-1.224139625262257169e-01
1.880197617489218764e-01
7.215641823036191005e-02
-3.151165111708448929e+00
-3.579549559820947024e-01
-3.763942350987720120e-01
5.183597768905487957e-01
1.203394684398701120e+00
3.065103763214735988e-01
-1.244852046810340229e-01
-1.014285354797431538e+00
-4.406768537525977414e-01
-4.979083993150548726e-01
-6.187201005425184697e-01
-2.084116254434830839e+00
3.284376106600496725e-01
-2.252568184142097252e+00
-3.756823373870283866e-01
2.401676136721686561e-01
3.774658355161634310e-02
-1.200665039681415358e+00
-8.348865780336668374e-01
5.016015200742234281e-01
1.864881428704067701e-01
-4.446100053172107325e-01
-5.427546131258045303e-01
-3.216087467218572971e-01
-2.424444193662127933e+00
1.824239724860349937e-02
-1.384492781638744230e+00
1.282857227565952218e+00
-3.959686825546068212e-01
-1.484711861252672183e+00
-1.280899541011323528e+00
-8.359930919797188276e-01
-2.670576642645636767e+00
5.074094587014551516e-01
-1.716445273920316428e+00
-6.226175322890216135e-01
6.156098227542952106e-01
-2.265335864388449416e-01
-4.454113743107073198e-01
3.571142069488565385e-01
-3.327231034136342025e-01
-7.158918013310632267e-01
-3.581952542606006706e-02
-1.834116836001174367e+00
5.585876538561602989e-02
2.339992392311842639e-01
-2.698470094124645335e-01
-2.153853068799525816e-02
-2.213706225822713869e-01
4.127375865122396847e-01
-5.766003522089263589e-01
-2.213511660646304002e-01
6.289698618146921660e-02
8.337863279656043680e-01
1.971635518875582138e-01
1.752740055817739950e+00
1.780976510922177347e+00
-1.127783694982082086e+00
-7.754832570114592594e-01
-7.766593201705224159e-02
-2.930652690154866846e-01
-7.720101547796149877e-01
-2.237208280808545613e+00
9.416828926911988695e-01
-8.917316426008166097e-01
5.172774217333517832e-01
-1.215256446774994226e+00
-5.623529915080807684e-02
-7.960871917563985267e-01
-2.225576175274417146e-01
-4.794844580687547819e-01
-6.888491476145064407e-01
-1.665925833650029553e+00
6.677407118748690529e-02
2.652134163176861348e-03
-3.428091091342684305e-01
-2.334949847100325826e+00
-4.963182348859109805e-01
-1.454474224404411764e+00
2.653962316252953535e-01
1.680819246186157745e+00
5.493507128829222541e-02
-2.595908427693459863e+00
-4.115107789677759920e-01
-6.725503915492487828e-01
-4.085046023980300478e-01
-1.909559178318993355e+00
-1.116112969951551237e-01
-7.669632153982302025e-01
3.010457532204657838e-01
6.832139128452996424e-02
-5.141370304238919164e-01
1.358000877530948669e+00
-3.844029613772721454e-01
2.444345959075099106e+00
-1.609987842120994994e+00
-1.368793131781035899e-01
3.074844588044712834e-01
-6.381625073566189466e-01
5.934382349572717708e-01
-4.807671597960002097e-01
5.069051147861204365e-01
-8.824296124711665801e-01
-8.371691669091716470e-01
4.172684494133242494e-01
-5.529167020255357778e-01
9.475523509514256482e-01
-2.618867391981674508e+00
-1.525421058822320930e+00
1.221974400288246443e+00
-2.487301879084447276e-01
6.714659529431790674e-02
-1.205968866018167079e-01
-7.494625935809722250e-01
1.129272376483981599e+00
8.243637822256837389e-01
8.439723104732760328e-01
1.493461389093722058e-01
8.046391143886750807e-01
-1.183045481318454772e+00
-3.715092455702295737e-01
2.054059629479741689e-01
1.803770999474631598e+00
-6.112863849565661756e-01
1.069025448451905447e-01
-1.146639812821821591e+00
-7.218620864013620686e-01
-1.001222547064452018e-01
3.607102159667059382e-01
-7.121147076047845692e-01
-4.242158071412860387e-01
2.067091899321031434e+00
1.188146209253094776e-01
-1.071855062049390073e+00
-5.643621613795675174e-01
-1.484900381817074955e+00
-2.688511560804520251e+00
-1.044004345334395456e+00
-4.881966866679188222e-01
-1.413745886645984273e-01
1.623085992926420307e+00
-2.762009110596490014e-01
-2.532315198367501852e-01
2.996472146731248731e+00
1.643916217487064957e+00
-1.153789249969765507e+00
5.655137783366508408e-01
4.212778400131529377e-01
-6.762248606941447804e-01
-3.212846172647645382e-01
-4.687332701380629851e-01
6.671019519379035867e-02
-7.315149962707179210e-01
-6.619057102193552922e-01
-5.383885652257432985e-01
-9.650464186907903308e-02
-4.615697843470663031e-01
-5.795098259223783188e-01
-2.767220722615979511e-01
-1.021793445183996729e+00
-1.860554230513738361e+00
-1.274137410983185781e+00
-7.080677658141811825e-01
-7.796987622311842836e-01
-4.578842125904773463e-01
-1.000317063783418003e+00
1.439410226525371872e+00
1.753627504688937799e+00
-6.540026762278974282e-01
-7.606640807975917351e-01
-7.285567474628177331e-01
2.561492012413258301e+00
-7.589962418774881536e-04
-4.428045694538183530e-01
-9.278201596055545286e-01
-7.292141029290100107e-01
-1.210036743288588901e-01
-4.415753714124054929e-01
4.109509601753662533e-01
-2.756563425617312713e-01
-8.941014997132624709e-01
-5.701435491729411886e-01
1.444177277654840053e-02
-3.673403707152293474e-01
-7.797735109134752429e-01
-1.892914206236190111e+00
-6.120313662791655451e-01
2.305304885377269741e+00
-1.213568181133177215e-01
-6.194046451930820263e-01
9.276052316777834150e-01
-3.748702216697239603e-02
-8.161189069359660042e-01
4.928291545233059456e-01
8.272402512281582521e-01
1.253250141652028325e-02
