-8.177307661579809039e-01
-1.255775926298853928e+00
1.101641710110787820e+00
2.197127883459593367e-01
1.130068427445124701e+00
-3.845195515046231360e-01
-1.890795303559875018e+00
-1.535458338764733310e-01
-5.286298185413373929e-03
-5.130316527658570491e-01
8.636126619061206267e-01
-1.005153584398688515e+00
-7.390477297636984799e-01
9.568114618193125365e-01
4.674066604406981185e-01
6.841943031903219286e-02
1.091566604921429873e+00
1.891120719300120046e-01
1.920024059822990070e-01
-1.223346697941434247e+00
-1.178733197368752927e+00
-1.058424392714791162e+00
-2.067472117478095228e-01
-7.608341664723929920e-01
2.723414343919016822e+00
9.836569537615398318e-01
-4.942732428833481739e-01
4.987205380486646744e-01
4.901192059930223888e-01
-8.774655721146282783e-01
-4.141191874174538490e-01
4.522616400616886523e+00
-7.602032811065841944e-01
-9.872140774021740395e-01
-2.585509424684627078e+00
1.326472274891057623e-01
-4.406821430434483267e-01
-4.109216418333944132e-01
2.332327251363233156e-01
-2.601645134777673674e-01
-6.864181530762365480e-01
1.042957820343207720e+00
1.787469129983878968e+00
1.073836982704596821e-01
-4.196309771496372076e-01
-8.805576263671589798e-02
5.824554781576590790e-01
-6.909518761741162418e-01
-4.188837771408890354e-01
-9.719520623568593809e-01
2.226930648161571935e-01
5.808483082314114254e-02
-1.767104495532737518e-01
2.940723646746190231e-02
-5.880812815505886970e-01
1.592104856044665118e+00
-1.587622540190442022e-02
-5.470584163750271678e-01
-2.745003138546204369e+00
-4.185950246081189263e-01
7.120121385167747785e-02
7.187803234180645262e-02
-4.535475541936783150e-01
-3.888736280761249664e-01
5.376412324035058088e-01
-5.323096246726345404e-01
-3.329828845480440891e-01
5.635482284500118455e-01
6.592401591307688324e-01
3.608787412209727985e-01
-1.239008287585990686e+00
-7.400994636838159613e-01
-1.730447535157997319e+00
7.986197351847401649e-01
-4.096671710451129655e-01
1.764063199645082847e-01
-8.545385703157401536e-02
-4.277977487397838230e-01
3.966735482578238603e-01
2.940516369257772933e-01
1.369806507816529351e+00
1.837287133952572038e-01
-7.923739405455021423e-02
-4.400755764185072527e-01
-4.485873690918258938e-01
2.564613218830095409e+00
9.396577491532909221e-01
-1.738231113947188877e+00
9.352965368296006776e-01
-1.019730925891919604e+00
-3.951612682788314124e-01
1.660989139539695847e+00
3.536305404116909523e-01
-6.451971138644581050e-01
-1.886467579852552312e+00
-1.464518297670394542e+00
2.320914865318904341e-01
1.868317740054097897e-01
-1.035850600360154639e+00
1.345724486046533386e-01
5.579712863848195203e-01
-1.302216174911868141e+00
-2.134034181823825538e+00
-1.771662598949154122e+00
-5.576396375974410624e-01
-7.784856481009352902e-02
-3.515699352091017360e-01
9.342359224880575352e-01
1.984664889774425456e+00
1.658397081297381392e-01
-1.956568726896277255e-01
9.978420775501091189e-01
1.384493137574049015e+00
-1.370838006091262828e+00
2.410053451593323182e+00
7.917686257816506368e-01
-1.227005030506699290e-01
-2.941029691834872173e-01
-1.703292546618298209e+00
2.801494972577708520e+00
-5.126469976660851247e-01
6.670252957116653558e-01
1.587171640566114927e+00
5.863000928043460291e-02
1.161494178039066405e+00
-6.103813141218206173e-02
-4.778134581468440056e-01
2.523668966945179726e+00
7.773720145034241913e-01
5.252501609192967713e-01
9.481843143605463153e-02
5.028598665738404083e-01
-1.897223564452881650e+00
6.346440390447088964e-02
-5.519123570533300827e-01
3.098279957891891812e-01
-1.629552557189929973e-01
6.449872348745301354e-01
-2.976415089971845007e-01
-8.297460164014354156e-01
9.855452412121767924e-02
-1.195224115445775004e+00
5.048404932945721457e-01
-2.727757273694549900e-01
2.537097801475528547e-01
-3.013405259617348841e-01
9.635267932431444970e-01
4.794298517359124601e-01
1.904780297426957869e+00
5.695570898852218011e-01
-1.147697815826442813e-01
-1.437618047653465014e-01
2.437940525959339855e+00
-2.010460530674236690e+00
1.671908635304962365e+00
8.834946498506013324e-01
3.564990892803488465e-01
1.973577770425896549e+00
1.499013528087356217e+00
-1.790420024349090866e-01
9.872270732696579731e-01
-1.900273357493107440e+00
-1.277471534531765540e-01
-7.161005959008521771e-01
-5.979347029178657680e-01
1.003503178581734989e+00
6.724345421735747896e-01
2.030120226562741326e-01
1.118369959955009207e+00
-1.402476831148570469e+00
9.894619539621249960e-01
-8.571903009439958421e-01
-4.064185942647269290e-02
5.671041496089086476e-01
-8.386333370389875697e-01
1.066986341445592457e+00
1.792033802770357509e-01
1.142143676491595539e+00
-5.098059651388577862e-01
-5.736737208708364566e-01
6.473730798553983812e-03
-2.845025868894456300e-01
7.765284628128688027e-01
-7.198062096274887578e-02
-3.371046850218910595e-01
1.835656473567691682e-01
3.848655117120974856e-02
1.228747822173434645e-01
-1.002172288771805864e+00
7.069282692852529859e-02
1.566253853512382443e+00
-6.096632468950037298e-01
-6.114313875106618390e-01
-2.905376299317743438e-01
-1.915552937631199437e-01
-1.202735192363304506e+00
9.472455936857625547e-01
-5.424873168412145397e-01
1.327994901499459923e-01
1.885533580981360702e+00
6.694506460467539721e-01
-1.246524600789281845e+00
-7.548698817721963827e-01
1.750841716463893416e-01
6.217483819722232630e-01
-3.327272850674540372e+00
3.973585483527364293e-02
-1.802762827251582767e+00
-2.479719907914149646e-01
-1.285980669451664005e+00
-1.483994695870449521e+00
-7.741248151123338861e-01
8.010338373222896102e-01
1.117876766338745442e+00
6.139424774638878590e-01
1.083971897462319811e+00
-7.301374377316961761e-02
4.668156094190580863e-01
9.206478824762625024e-01
-3.823443049798772586e-01
1.478333801469058351e+00
-2.551789092541832726e+00
5.995936785520226131e-01
-2.348493397751584555e-01
5.764127415953674838e-01
-1.594747152789520506e+00
-3.851999733250192626e-01
1.011473665453326287e+00
-3.313458388549644695e+00
-3.537820890813418440e-01
-2.029821813304212297e-01
-1.197937579002624320e+00
5.998217482962017177e-01
-2.620966382115722526e-01
4.952616440276685905e-01
7.944475229988627873e-01
7.198958785179794262e-01
2.041556839490937247e-01
1.119427044405328919e+00
-7.298090524071463303e-01
-3.043927840460407541e-01
7.938094583998350773e-01
2.880966450738237095e-01
5.915997217369473038e-01
4.935611881770696763e-01
3.351077305132065809e-01
1.078769831870410645e+00
2.546167878284396391e+00
-1.349906053143227425e+00
-3.917842976302871594e-01
-1.383633671623641925e-01
-2.423838399478276118e-01
7.315233303265288312e-01
1.603077643179268985e-01
-1.856026329288016363e+00
3.694913750070547565e-01
-1.305930687766048148e-01
2.250988781674912786e+00
1.146940107096380945e+00
-4.431237303065246880e-01
-8.615238723468950921e-01
1.133311530644143250e-01
1.586975557837662087e-01
-9.093510721532749308e-01
-1.061309659383909532e+00
