-5.738260340977008322e-01
9.021102200565123130e-01
-6.461510947403372729e-01
-1.807942066102321110e+00
1.739586890813518583e+00
-2.821049174417381344e+00
-1.490197656692320294e+00
-4.219293689280243065e+00
9.097195619714822934e-01
2.537012692228328259e+00
-8.010937880176027814e-01
9.271777072677166442e-01
2.109428139233240351e+00
3.630875372873432205e-02
3.900413412343924691e+00
2.245171967288702497e+00
1.368013213961738472e-03
-3.696706505412579169e-01
1.864335111514208609e+00
-2.315900243055280416e+00
-7.963053049592017096e-02
1.712452457566949082e+00
1.704231480827525624e+00
1.365249572676216494e-01
1.454284895559786905e+00
5.308039719477686269e-01
-3.395768975932563549e+00
-1.319769575890623603e+00
-4.801160865182775517e+00
-3.547875867867850808e+00
2.852210021762760395e+00
6.224772893749856983e-01
1.724152922540220345e+00
-4.043907859823782647e-01
-1.414487341320287639e+00
-2.908906732233798920e+00
-1.049168213722934118e+00
-3.077218554372768367e+00
2.210883569269888049e+00
4.765738775378006720e-01
1.212713212211686598e+00
-3.033451651803281912e+00
-2.095088162344518778e+00
2.563496252773153294e+00
-1.596110622692159531e+00
-1.528225931947216454e+00
-9.825998204541548375e-01
-1.726218240431712125e+00
-2.407802933033599047e+00
-2.435566835002044073e+00
-1.268564562233748472e+00
-8.524257283689525844e-01
-1.295497588855753168e+00
4.810925439088730826e+00
4.098659544802810695e-01
-1.393027272364056213e+00
1.464076356215557428e+00
-1.294910123356414644e+00
-2.736079334910675342e+00
5.372428043287811317e-01
5.894458054220174520e-02
-2.318756695305193460e+00
8.373595723241291644e-01
-1.718826636162868571e+00
-9.418416668103718470e-01
-2.557110452536595524e+00
-2.901298134652803284e+00
-2.941723661809914070e+00
-3.181208065155042064e+00
1.452836033178648956e+00
5.670756111026187957e-02
5.305925051553024296e-01
1.257705384787904057e+00
-4.384182174158846035e-01
1.186086491536585186e+00
-3.562502278200186945e-01
-3.512980909589026091e+00
3.981468640537643155e-01
-2.193447825400781925e-01
5.951091228718460302e-01
2.551358613662235264e+00
-3.908785234691972033e+00
-2.834906651614779616e+00
1.995144355203328779e+00
-7.837557732713080760e-01
-3.487737411233048590e+00
2.278510608934895654e+00
-3.549325347615651105e-01
-4.573333006924777955e+00
4.132042891811899210e+00
2.586165382496490750e+00
3.223572216875438379e+00
-1.224454352034660687e+00
-1.199387506534760117e+00
-3.983716250294644934e-01
5.237896651587937491e+00
5.559896224806423204e-01
2.348121201952974024e-01
-8.081854353598009189e-01
-1.062717365068896580e+00
2.926192127112912100e+00
-1.269001700295574742e-01
-2.338317105008091978e-02
-8.567792842502667261e-01
1.980541760412374508e+00
-1.731396012941677220e-02
1.855162628771371836e+00
-1.675202492335262638e-01
2.311690744997210167e-01
3.286008893402211140e+00
-6.518339141492002220e-01
-2.169164952924890422e+00
-3.865026914917867873e-01
-7.255092139767991277e-01
-1.515527130452881011e+00
-5.359363173080322618e-01
-1.074546264673889695e+00
-1.375753672573145847e+00
1.376207401909237404e+00
1.584524844335797322e-01
1.297290201933588127e+00
5.984110661538267095e+00
2.787034799716184175e+00
-1.405969820158010197e+00
-2.340721807886446015e+00
2.351062316324521895e+00
2.101202825692777942e+00
4.459242003971466417e+00
9.066430292534610746e-02
-2.384813529381568209e+00
-4.322159087587557735e+00
1.422856314701606006e+00
-3.051227452000682128e+00
2.923211745587342758e+00
2.894069632919434643e+00
-1.417057575405409997e+00
6.221509151452789155e+00
1.097929622712119357e+00
-2.975013272682004217e+00
4.210533032027641287e-02
-2.931309298114094464e+00
1.515203166082903952e+00
8.168811956391262008e-01
1.608907957541999778e+00
2.983187435066272375e+00
2.881158206500255226e+00
-1.447425785459445002e+00
2.447610248882546635e+00
-5.085047529546946610e-01
8.713322905542415509e-01
5.682636844106160323e-01
-1.729179167382595583e+00
-4.048238697197460434e-01
-5.918325211766101823e+00
8.106301371925702659e-01
-1.141844713423056934e-01
-1.659753882068332853e+00
-3.031726787525508282e-01
-2.807446139632481685e+00
-2.565947257771542311e+00
9.159470353701051337e-01
-2.019030738740896780e+00
3.905968954731749321e+00
-8.296602446450045409e-01
1.030409600583807483e+00
-1.843134586227117344e+00
-2.302162766726054688e-01
2.610658960320618949e+00
1.573570074696902132e+00
2.728131565607806230e+00
-3.854946966563226329e-01
1.284128952571376381e+00
-1.327614934779465905e+00
4.749545387613625658e-01
4.247777070410667655e-01
-2.733951764674721119e+00
-6.655619480389595166e-01
-9.210735386519550705e-01
1.765302513828336473e+00
-4.371875110111417051e+00
1.393910127369740959e+00
-4.170927430337164843e+00
-2.825357621004340736e-01
-2.586068434215173628e+00
-4.318683997683996800e+00
-3.260730880400960485e-01
1.366370556879122455e+00
2.208336752646810730e+00
1.596092652615087037e-01
1.623147342178172248e-01
3.123240788685806457e+00
9.276618584606717288e-01
1.728692069929846031e+00
-1.326284082671301601e+00
-1.296612716976437651e+00
-1.609405949799082691e+00
-1.619621019962117270e+00
-3.482189024940318678e-01
-8.032687486209759697e-01
1.319459744603688423e+00
-8.450988711572011702e-01
-3.336191665774671744e+00
3.066445454739622267e+00
-8.010468013457461289e-02
4.737309219759402446e-01
-2.284895866093433980e+00
-1.164230615774415556e+00
8.770371758739952117e-01
-5.998908236510303027e-02
1.435450035167173288e+00
2.732170569678438632e+00
-4.279184601578613467e+00
3.178448068314740027e+00
1.163991027933845845e-01
4.450394727913653981e+00
-3.255557103095303884e+00
1.272063505860210553e+00
-9.643366870550529324e-01
4.341595942066401648e+00
-2.893972353190810587e+00
-2.302106268243601317e+00
6.647958486387772759e-01
6.013165340736147391e-01
1.153562861992847743e+00
-1.778549069165200613e+00
9.380313637009282668e-02
3.250093443002122218e-02
2.921305117393752759e+00
-1.589162405822697188e+00
1.014846585023858383e+00
-2.422478808054883359e+00
-1.591435660036629063e+00
5.309461882769273000e-01
4.890917517289857130e+00
-4.390577435983892274e-01
3.452336877967454587e-01
-4.640976500299084928e-01
-1.309705967781915392e+00
-1.123141938249297755e+00
-2.229421000423878196e-01
-4.345049435530373039e+00
2.889670391962128271e+00
-4.830672283822854851e+00
2.640153562936067733e+00
1.843177025066892849e+00
-3.341372358078207316e+00
-2.819608637329046541e+00
1.874069620626658716e+00
-7.181775543722156430e-01
3.304378735166448866e-01
1.368956590556977382e+00
-8.387041736930129776e-01
1.033276763540102117e+00
-4.291428742394939988e+00
-4.222884452429926050e+00
-3.298310417829679597e+00
4.207868048355609680e-01
6.851232760469325722e-01
1.053309669923576664e+00
-1.622661273223680478e+00
-8.105548131435993398e-01
-1.336756631875923640e+00
-3.941806177363671004e+00
-8.708080693438787767e-01
-2.049309519280538616e+00
