-2.382551405359895291e+00
4.446047013156360639e-01
2.580996239345346943e+00
-3.952263058705444143e-01
-3.991254718737956342e+00
2.077516837317678000e+00
2.372927630932728071e+00
1.734050919687914138e+00
3.059619966594718576e+00
1.443392085474624498e+00
-1.011695152888257176e+00
-1.257865614880200988e+00
7.628011668503276166e-02
-2.112993971009205385e+00
-1.047706683466414379e+00
-2.000264054691155202e+00
-3.009291731874129905e+00
-1.507574071976393704e+00
-4.021948436368801838e-01
-3.268422810557045644e-01
3.561563516758917913e+00
-4.716818781842004427e+00
-1.462038347201742194e+00
-6.152096523454622101e+00
6.294880687966892374e+00
3.349478946565624504e+00
3.847896030152965774e-01
-1.388896441967041540e+00
-5.634635980436786262e-03
7.219388939318631682e-01
1.858484707620781551e+00
8.121093665478561208e-02
-2.717317417275493696e+00
3.605457695260983808e+00
1.903649602901575921e-01
3.179209890241954106e-01
-4.402478444192267637e-01
1.791892417128801540e+00
2.748307065425491746e+00
1.615263370217260297e-01
8.565243338551671304e-01
1.842832014172879340e-02
8.157780773939514729e-01
2.395786818733243173e+00
2.446950303865957022e+00
-4.592373859248132795e-01
4.369496802887001818e-02
-3.115694896819592996e-01
5.072775273600934831e+00
-3.030852899399446798e+00
-4.005125109670027328e+00
-1.245506777558857303e+00
2.346025020241081283e+00
3.649303366396992043e-01
2.027810330810316142e+00
3.007341497546947906e+00
-1.475959190370260021e+00
-1.906288206106343086e+00
-3.379244732951786290e+00
1.531690662219213461e+00
2.502757341968244731e+00
-1.769191381956849662e+00
2.128024771517223357e+00
-3.387657820575542100e+00
-2.880117870638288502e-01
-5.536043781299309074e-01
-1.889677723561619671e-01
4.879556471256418781e-01
1.766906990730764404e-01
3.874400148139180544e+00
3.804333182966399551e-01
-2.216164229920907225e+00
-3.180945379860922628e+00
6.641421512699451357e-01
1.623409705103901965e-02
-1.377255493557214772e+00
2.382335809189467524e-02
-5.515572497671915819e+00
-5.582392308162553718e-02
-2.888566614435803537e+00
-3.650700756379476886e+00
-3.591562387671192624e+00
-4.761360629608002881e+00
-2.286777891202077528e-01
1.368341969483790832e+00
-1.469836286340288511e+00
-1.105937771245192325e+00
-7.153956972297886630e+00
1.704579825642925206e+00
4.602134237637436343e-01
3.128735048125486529e+00
4.232885987146190132e+00
4.621328154605759408e+00
-8.575051476393785066e+00
3.558985450726793509e+00
2.323473217972665594e+00
6.490990829614751156e-01
4.042638060783142251e+00
-2.293929746901917976e+00
1.221394384916064668e+00
1.886114170414027180e+00
1.219838206855234697e+00
-6.566240183043147161e-01
-3.594084132245660701e-01
-1.804928550849011826e+00
1.936737179503579487e+00
-2.747468617246164868e+00
-9.662866679970313344e-01
1.216974813945284728e+00
2.477095255213432878e+00
1.264396490011627572e+00
1.712387348561369871e+00
-2.811209586681170158e+00
1.155454644064407344e+00
-1.418464010894372684e+00
-1.436398656913274285e+00
5.827775011038359487e+00
-1.274158561906334697e+00
3.356951218167575579e+00
1.532138069034867822e+00
2.002472491132331278e+00
5.504923114741755441e+00
5.676408212554194810e-01
-3.366811752621919673e+00
-6.458725776031674082e-01
5.096325516379818232e-01
2.411646459500984552e+00
-2.758917396048507498e-01
8.033324841413136408e-01
8.610270824300031434e-01
2.382986730723267943e+00
1.785434011051639791e+00
1.822550372098290516e-01
-9.227639463009706944e-01
-3.170621641351920150e+00
9.714985114101408747e-01
-1.238377579712913068e+00
-1.302760080855125846e+00
-2.173588864529228282e+00
2.795713087158373966e+00
1.507368862565788614e+00
-2.349926594729627283e+00
-4.967419229328334795e-01
-7.498425672632660355e-01
2.681716077465714942e+00
-8.123891288308567882e-01
1.751958426339250030e+00
5.416873950345869382e+00
2.418960685076965156e+00
1.460672648126197792e+00
-5.514818479676845797e+00
1.762559430114164050e+00
-4.010362571942350129e+00
-5.767347002213738527e-01
-2.978381349564307889e+00
1.373392093452785900e+00
6.033465617015137950e-02
-3.668172972414500688e+00
4.165651828319538730e-01
-5.376173143420603928e+00
2.142579607171189782e+00
-3.399690268893604816e+00
-5.788284867798965116e+00
-3.411359690710583425e+00
-1.759334327165221312e+00
1.606576720543933856e+00
2.370412970000595809e+00
1.226597218661560573e+00
1.885916816953230879e-01
2.185601990176149645e+00
-2.343945225151917278e+00
-4.338857809079401662e+00
-1.428585638272898084e+00
7.536190206936347336e-01
-3.113105450227817150e-01
-1.283182893879518671e+00
-2.676660312743996517e+00
-1.439276817652033857e+00
6.457563762373587368e-02
2.282775037492352777e+00
-1.352557891109589239e-01
1.076739617997362508e+00
5.902811706723523066e+00
-3.276451611939641850e+00
1.200312785533124149e+00
-1.000729309285252722e+00
1.212801384429762486e+00
4.097183914747704742e-02
-2.674646841487132498e+00
8.464966958961483989e-01
-2.912830757196318121e+00
-8.398977695694012091e-01
-1.385521197452324049e+00
4.730676469510429194e-01
1.897920289549457351e+00
-1.536321508421351290e+00
3.685420343684585376e+00
2.564850657266004585e+00
-1.425539686665797001e+00
-2.505516221317311221e+00
-1.452283944934773974e+00
-6.445836399875186196e+00
1.563914931027351463e+00
-1.281745716464315787e+00
1.147088755369481294e+00
2.109322071745066474e+00
-2.038102659310541576e+00
2.094313025167465092e+00
8.788594126260276806e-02
-7.014521913641702522e-01
4.287579983778913029e-01
7.730920449953644358e-01
-2.640005888184381977e+00
1.756110318437061668e+00
-3.892017508285142036e+00
-1.519636543627972403e+00
3.749028303628941794e-01
2.407251405488943341e+00
-1.326574202495138799e-01
2.949528662304192750e-01
4.030741560725352279e+00
-4.408562421721374136e+00
1.926877040500498017e+00
5.938141985315283922e-01
-1.929323137638878638e+00
2.465448271334789609e+00
-3.242152799729935087e+00
4.213474382476915636e+00
1.768819040936556952e+00
2.307419902442062742e-01
6.689613267227898952e+00
-5.694792010233449275e-01
-2.395478648592950233e+00
-9.085787159153476678e-01
9.729447214011884837e-01
-3.830919469102100905e+00
-1.195229860343074879e+00
-1.425808234133806973e+00
5.100828562023578261e-01
1.158487819668785890e-01
-2.973668423473941225e+00
-5.780492036580187065e-01
-1.270346609429984230e+00
3.104830147940418339e-01
-2.843198509575079580e+00
9.353425865030284836e-01
-2.228382256317641419e-01
1.375572094001716206e+00
9.353091858240707435e-01
-5.990086904773939125e-01
-2.402406233432770044e-01
-6.282948439280112929e+00
-4.051535949194033037e+00
-2.011170566374835822e+00
2.027771596020151890e+00
-2.085775903214848181e-02
4.870612967607432786e-01
4.810310206744276229e+00
3.553168808002442169e+00
1.684354410687349812e-02
-1.383673782062082580e-01
1.919646174114715276e-01
-1.710874718564580066e-01
-3.829192982391370625e-01
-6.791782699411949009e-01
