3.373460234824265491e+00
-1.958850449806170957e+00
-3.648931321878610134e-01
1.680356479334510267e+00
-2.393075372517070587e+00
-2.294808683151892570e+00
-1.265435879859568846e+00
-1.085907857941607269e+00
3.271431972662975696e+00
9.286474230232883986e-01
-3.632960847449771880e+00
2.858731817376733542e+00
-7.891767920686112991e-02
-2.171326470463865732e+00
1.483930481044237193e-01
3.334899377612905447e-01
-5.627905604219096247e+00
1.985796402756915047e+00
2.237132308491986521e+00
-1.547637518057352057e-01
-2.167861767408536255e-01
-1.345901544913865600e+00
2.028593145728905256e+00
-1.994849526194551803e+00
4.473303850328534281e+00
-7.058397878695039929e-02
-3.182636946698013780e+00
-2.329171458498857650e+00
-4.379181675314737454e+00
4.958072154705827295e+00
3.748331411962798621e-01
-1.036076391803422592e+00
-7.162973778369080557e-01
-3.112235086465556244e-01
-5.572316674959052474e-01
-3.805267233207230149e+00
9.082954714407275310e-01
-7.188116839824951754e-01
-1.981809951745388876e+00
-2.928506413709071943e+00
4.143149068061557472e+00
-1.087845205261051884e+00
2.067561965838975890e+00
-3.489393070298999255e+00
-2.293662423129867900e+00
-2.714414207045920513e+00
-2.518950472288906672e-01
-1.507777016547122928e+00
6.821115076433816871e-01
1.434710108400081285e+00
3.022744384247984861e+00
-1.076804826561201356e+00
2.354619003521138509e+00
7.073633505076859507e-01
-1.750942362783854067e+00
-9.343937681816257834e-01
-2.326891996739374413e+00
-1.819751688334043660e+00
-1.470104815154718914e+00
3.019787528983347347e+00
-2.695357973783605310e+00
-4.378891486418590162e+00
1.418963950998694434e+00
3.444547998494579266e-01
-4.230968661583942581e-01
-1.712092563295619208e+00
6.107338790460732358e-01
-1.236529843521685379e+00
-5.855104780289867250e+00
-7.993778997926652696e-01
-4.388382595004747810e-01
-8.365327675155940224e-01
1.751644875537824664e+00
-2.818157756552990278e+00
-3.633627612882327718e+00
-1.381646323318146852e+00
6.442153823592007278e-01
-1.991837954398103516e+00
-2.990884047802165213e+00
2.112559999231555796e+00
-1.645376716930271321e+00
-3.349612514195144719e+00
-2.149228863451043914e+00
1.910777014454186018e+00
3.184734661648866094e+00
3.857494247426898060e+00
-5.120800749339819546e+00
4.721520232184371890e-01
9.650347777954693118e-01
-2.678331551263917198e+00
-8.138090330813059214e-01
1.896511455861715767e+00
6.901601821088619235e-03
2.821255690061824417e+00
-1.044192471410038348e+00
1.676659882673888990e+00
2.463445526828495602e+00
-1.642555810493845136e+00
1.554610937834765672e+00
2.905013611547758501e+00
-8.203885721898251937e-01
1.676096175219663920e+00
-9.253877710527699252e-01
-2.091990178280223045e+00
2.537917299092237400e+00
3.171103003007057275e+00
1.121629686394902681e+00
1.231890411329983781e+00
5.803685494088783869e-01
-3.367422957505649350e+00
2.049710413107212581e+00
-4.899073645697303192e+00
5.858078846126040240e-01
-6.554330115817029956e+00
-5.596794006068702698e-01
-2.709032007646746010e+00
-4.927635952657663410e+00
6.077319383155758814e+00
5.899576503738497735e+00
2.029564082344209819e+00
7.202213373013353070e-01
-4.218421252834745339e+00
2.637862215737629246e+00
9.298618175884860726e-01
-3.861260667355697063e-01
7.617719754282150646e-01
2.390758173872399084e+00
2.994934811458354051e-01
-9.440698385314723051e-01
4.850966829907608968e+00
-1.667271880290226438e+00
2.047086184665574127e+00
3.244079524091107558e+00
-3.137905840653090639e+00
-1.102647106779939712e+00
6.623589313714197888e-03
-2.057188551938773813e+00
2.780115982288491328e+00
1.032599208725455187e+00
-4.031660420821450708e-01
-1.810929737563474085e+00
-2.071585695268430616e+00
2.894056190893136815e+00
-7.331140951323125154e-01
6.183973442162919998e-01
-2.382248301136415947e+00
-7.971567411155773719e+00
-4.166791898448288123e+00
-2.550250101959465887e+00
8.754034148874570320e+00
3.954436143630101208e-01
1.804343523069356081e+00
-4.918674287415390367e+00
3.647461064060384395e-01
7.325153385758318425e-01
2.267843155880065187e-01
3.486949349706649492e-01
-5.762554312267733181e+00
1.723089734587076816e+00
7.853915564295572693e-01
5.645589826442409809e-01
-1.506882749886425010e+00
-3.594194160941614591e+00
2.542932769067941301e+00
-1.710322098780349576e+00
2.214129393657899847e+00
2.056648550619543769e+00
3.427522179901600907e+00
1.030287466266685215e+00
-3.098164241853703871e+00
9.524455953011861098e-01
5.110341539265591537e-01
-3.875553987750391727e+00
1.620096913927455695e+00
2.950864949171143170e+00
-2.520886334753938973e-01
2.893225630639045143e+00
-1.976264688859432406e+00
9.877733992368313842e-01
3.602071105817291397e+00
1.387598171615952669e+00
-1.950525342445327492e+00
2.330725729025487247e+00
1.879945511396265312e+00
2.294286802064195552e+00
-1.821146896089826717e+00
-2.001068884329893383e+00
-1.152184159280691844e+00
-4.370281519758296152e-01
-8.004831815513746562e-01
-7.044444816473289794e-01
-2.404807779352744035e+00
-9.371442247692042260e-01
5.028033321507985320e-02
-1.059430108062333620e+00
1.796400434101086852e+00
2.663921249686329595e-01
-2.474364122065389360e+00
-4.753025709949739053e+00
2.171936819358539328e+00
-3.043240337776066617e+00
5.112952623222948301e-01
3.706979948475596087e-01
-4.996825157773991388e-01
-3.394383127858220384e+00
-3.334805286489870291e+00
-1.269713408738634808e+00
-1.992949031572907259e+00
-9.631234652740272573e-02
-3.075757059095566071e+00
-1.383233493985764895e+00
3.565030399146726481e+00
-8.448852307696068653e-01
-1.725265446925382529e-01
-2.471341760836589962e+00
-2.367663100043417845e+00
-4.174897508581585370e+00
4.335685759330158540e+00
-1.417878933557539245e+00
1.406630797984171011e+00
-1.407001178913770190e+00
-3.693328969569155795e+00
2.322119466950675726e+00
6.660981823468612451e-01
-1.370405679678921462e+00
1.830002439015846027e+00
1.078528375529116623e+00
-2.513019534098996033e+00
2.421710211411893354e+00
-3.503804784417918761e+00
-4.163802364129476352e-02
-2.854835975493515754e+00
1.470056722068239896e+00
-1.998371045460333173e-01
-8.517645933351394305e-01
-7.933307029536067478e-01
-1.559735116958181678e+00
1.447885466878651162e+00
2.628293503196903025e+00
1.540894169145350379e+00
7.368504853333492921e-01
6.204622171721829726e-01
2.137898269329232548e+00
-1.726230594140710339e+00
-6.473600840238864507e-01
2.102941697692529921e+00
-1.363233879603728660e+00
2.858373806000419570e+00
1.994985369780112872e-01
-1.002245991024170557e+00
-1.659179076768465322e+00
3.573719212349648622e+00
-1.073378561417081434e+00
-2.011456466662537856e-01
8.318236622151304882e-01
-7.526972535019282873e-01
-2.416276851489892685e+00
-4.645160125628564174e+00
-3.734109767844925543e+00
1.523242635786258514e+00
-1.759159054501436170e+00
-1.252886174381403261e+00
8.739626770409565371e-01
1.620093157143992268e+00
4.792800461244165477e-01
