-2.295514234745466897e+00
-5.838980780359579015e+00
4.134126046020384138e+00
2.822885455274754207e+00
-1.039301173904906950e+00
-8.544398656834185646e-01
-1.127400547211955262e-01
3.077589365923083520e+00
7.850468350666089279e+00
2.363102994814298530e+00
1.432470878752476917e+00
-2.246173281084711704e+00
-1.290020637229329692e+00
2.984394008622438754e+00
3.362923270932206776e+00
-1.092231883676812343e+00
-1.559709964648752667e+00
-9.904357171866717380e+00
-1.111492673964348032e+00
-2.490110586117774694e-01
-2.286242761721033467e+00
-1.370993807337760106e+00
9.747350173401744255e-01
-3.587287855820908256e+00
4.409223621293383744e+00
1.637751846647954590e+00
2.403364739483382806e+00
-5.921396229258948374e-01
1.900804071961638364e+00
2.543008977330539544e+00
-3.046484269353938235e+00
3.915960737043580941e+00
1.498185753058860481e+00
-5.638657654798086227e+00
1.628728756068679395e+00
-6.808609385508736622e+00
-2.564731393439513951e+00
1.006154080313129029e+01
2.696390392633352118e-01
3.854493034166877052e+00
-8.053789445454715423e-01
1.706378562416983158e+00
-6.594608086249907686e+00
-3.732604081720824141e+00
2.786226772916728933e+00
-2.968036769697222077e+00
-4.181094206724002227e+00
5.769445665128847267e-01
-4.449134108729839721e-01
6.147411136319309577e-01
1.436463118606848832e-01
-1.349369326882559061e+00
4.524071788896604218e-01
-2.945501146849893281e+00
-1.253194736433756118e+00
3.439521046482053812e+00
2.039837931841406160e+00
3.640258296648422043e-01
9.133512414862776652e-01
-1.851971310582692265e+00
-4.317332947844899849e+00
3.726493544016979520e+00
2.123342918972620730e+00
-2.207965703277099401e-01
1.134238947419766275e+00
-6.353068197493971780e+00
-4.856663143908771296e+00
-5.484818572850159946e+00
7.788046654490566212e+00
-3.347189871145896056e+00
-3.362898281996741012e+00
5.031568271327210157e-02
4.539152025672271051e+00
-8.399964193721594086e+00
6.202991088679771892e+00
4.234646255121180758e+00
-2.971454794628936913e+00
-6.343835078755685863e+00
6.323465036566007669e+00
2.548380433042330750e+00
5.455992265270515063e+00
5.757780172170391397e-01
-1.731740315125425145e+00
-4.317799134214433288e+00
1.018635618933057208e+00
1.629537752575056508e-01
-7.593379231470589019e+00
-3.770752110526900402e-01
1.842186061969685706e+00
-2.016338813028628052e-01
6.311877867115272878e+00
3.382605258257846970e-01
7.799146642398403273e+00
-1.154247120002920468e+01
2.264201363116524757e-01
5.406946801800613933e+00
-2.187767359348979035e+00
-4.347387125816524200e-01
-2.065025211657745885e+00
3.505888770609803196e+00
-1.279702979917612726e+00
5.935474408372489741e+00
3.255477501334828716e+00
-1.456382619094438446e+00
5.477864412133712335e+00
-1.318869749760566368e+00
2.878814111945216414e+00
2.366828837219628223e+00
-7.997204496866205936e-01
3.685247991123993261e-01
-1.338455872419785475e+00
-6.117776977154553153e-01
7.692830719005298690e+00
-7.330652220593172785e+00
1.127677363325257698e+00
-4.514855737640736777e+00
6.960749197596587834e+00
2.049082276547770781e-02
-2.396436545714762723e+00
-2.685503011291942244e+00
2.784220618662327063e+00
3.913599213504781904e+00
1.934544492999733745e+00
2.540551067269569252e+00
-1.973077157883320165e+00
5.238899725973926724e-01
3.266711146243201025e+00
-5.988745882849455526e+00
-5.271273973591144468e+00
-7.957164363710076405e-01
-3.430834462783507899e+00
4.340290558021286493e+00
3.674145688501146978e+00
2.172454060783141294e+00
-5.015053621126474681e+00
-1.159411991182324464e-01
9.673515071583937974e-01
-2.877659394946229909e+00
-2.783573687559244725e+00
-6.266948084204968517e-01
3.622271360149479591e+00
-1.524693341980877026e+00
-4.199300311372008210e+00
1.191191968179342364e+00
4.622338484816232551e+00
9.399235721371071994e-01
-3.617253444660151196e+00
-2.785937506120627738e+00
-4.976174190157310329e-01
3.711178573787916157e+00
-5.929859286570049015e+00
3.835140082459727928e+00
7.085974167998086770e+00
-1.597215293702661576e+00
5.056632235549610499e+00
-6.355583461094872488e-01
-5.277322859326661231e+00
8.085604847439691767e+00
-3.728726860785294583e+00
2.719028970218495544e+00
4.017725050063543968e+00
2.020819283033334024e+00
3.548727872441062026e+00
1.836625699862643124e+00
-1.529377228240550446e+00
-2.667821277501047028e+00
-2.641176165109681229e+00
-2.250189835646020597e+00
-2.076054832173326314e-01
-4.172589816949849428e+00
-3.916047918913574399e-01
-3.575757986551406198e+00
2.561300837013866349e+00
4.778244144256126091e+00
-6.892225884197969776e+00
4.300709681705042087e+00
-4.769771992957304363e+00
-2.925011697148590883e+00
5.334332739279831870e+00
-9.306839712923968833e-01
-6.029069666619311096e-01
-3.321403330926105291e+00
-4.252512400340647147e+00
1.239152017860728039e+00
-5.409327784165915975e-01
-8.217346664134701939e+00
4.431731809760676377e+00
-3.224517165280013753e+00
4.023287881057606263e+00
-5.968652156596325753e+00
-4.257375715970526997e+00
5.446191043209035187e-02
-2.410875260360079431e-01
-4.297973001683889294e+00
-5.818143242050169306e+00
-1.233718246916179151e+00
4.217194467285239057e+00
6.888596272828526601e-01
3.631013027883168043e+00
-5.818539421264786071e+00
-8.060897961171688275e-02
3.894008966377070280e+00
8.813713219546386313e-01
-8.367626149359923549e-01
-1.563787096707543456e-01
-6.107471927346444396e+00
-4.385471510252595628e+00
-5.956818595495137814e+00
3.193844049087794623e+00
6.729176073107561162e-01
5.489724419864390470e-02
-1.339891287977758250e+00
-1.944384031655663980e+00
-1.535382976527140286e+00
3.555788164585414746e-02
-4.159663760627013152e-01
-7.715696676168073420e-01
-4.479705946200308597e-01
2.319311092683991937e+00
-1.731524100718021986e+00
-5.224421265581369767e+00
-2.370016282203611657e-02
3.118411418232793331e+00
3.162237071948872824e+00
-4.122050961884541564e+00
-1.388659729315242508e+00
1.803639248230429093e+00
3.019779308524318751e+00
4.300820505204433708e+00
1.565664675447524523e+00
-5.126185160231023774e-01
3.488667369599173229e-01
5.531176006437896753e-01
4.896824154710325283e-01
-8.853734990003703231e-01
1.000577573866465730e+00
2.371467123181062675e+00
2.149347442847416301e-01
-1.221496939133857040e+00
2.077021260284175885e-01
1.478048777606140618e+00
-2.450674016327002214e+00
-2.811512649659588803e+00
2.221568257469832108e+00
-1.352133382366331738e-01
3.528916063827129967e+00
7.286963165936947817e+00
8.222106169958500743e+00
-7.032186710428116327e-02
-2.959479814016900079e+00
2.276087351363447198e+00
-1.782606859853560266e+00
-3.952474651969514419e+00
2.314988507925400119e-02
-1.273787529084217329e+00
7.926718238293281593e-02
-4.436827617463029227e+00
6.678502107945618604e-01
3.226172055086361290e+00
-1.578111477660156803e+00
5.379623742216632643e+00
5.006565717472266641e+00
-1.553093894209060410e+00
-3.392260399306928687e+00
1.743940013078586482e+00
