3.648900980338433686e-01
-1.079254041527896169e+00
7.246968274132497001e-01
4.868093597494855818e-01
-1.564543207049587270e+00
1.382008618543917322e-02
1.417468263750987223e+00
-1.716916010938618120e+00
-2.530850337355338819e+00
9.605161251542770895e-02
-8.733814084831631464e-01
1.312086736796005182e+00
1.970983667440508569e+00
-2.283369790320739501e+00
1.610408791785015392e+00
-1.657526946475093466e+00
2.157490492454285924e+00
-1.261694379457507287e+00
-4.475570105307320468e-01
2.100773678432104496e+00
1.332980699671997948e+00
2.558454904828393772e+00
1.255167518836564300e+00
5.996692360301768970e-02
-5.241605567941980404e+00
2.217790800283877317e+00
8.296904212986910832e-01
8.629024563645174561e-01
7.476023989404634307e-01
-1.102296230724413739e+00
-7.419368258090781598e-01
2.325881585141487129e+00
-2.637293220497446189e+00
2.439084304807986214e+00
-2.087940864002943542e+00
-2.647224686101587565e+00
2.750650594914432645e+00
-1.825340420977206390e+00
-1.083093939190417521e+00
-4.754265050800984937e+00
9.170681409961578545e-01
7.855901916278370756e+00
2.872162240311743275e+00
-1.349938008030977243e-01
1.271875411717314552e+00
-3.419901536415738130e-01
-8.265046346522427756e-01
6.634008084889102541e-01
-4.156463676234477544e-01
2.559376574174205832e+00
2.493274135428710458e+00
-2.274730089630438101e+00
6.434072958751961835e-01
5.460469634480786816e-01
1.634455622527914986e+00
-1.166668279822406618e+00
-8.007888688148457890e-01
8.526225620346776779e-01
-4.808374420733198207e+00
1.334357362235309707e-01
9.172520340378411685e-01
8.514394107720034688e-01
-1.189399187652300238e+00
8.494443161316183044e-01
2.386974886564707243e-01
-7.796883687916573713e-01
4.131372526079070795e+00
-9.793939546511664096e-01
-1.149006412979054925e+00
-2.162814382195934471e+00
-1.397551805398667968e+00
4.589924107309945711e+00
3.462681623822795096e+00
-1.038733410462606699e+00
7.487827064930401288e-01
4.804614554906068147e-01
6.979023353958262454e-01
-1.375254717706225316e+00
1.068081796262775995e+00
1.132027098444025492e+00
-2.392327381894325811e+00
3.179873926678414620e+00
8.013005530101958707e-01
1.458301036046494747e+00
-4.686607231339320889e-01
-4.960072858519643524e-01
-2.290278242040900469e+00
-1.364553540195883485e+00
7.811420306958360982e-01
-1.988044010379431126e-01
2.945502608666759947e+00
-5.489092476441788104e-01
1.240861417503787978e+00
-3.656166255660358022e-01
1.285950491293178066e+00
-2.407128395840600010e+00
1.870034189428963378e+00
-8.077945050328885213e-01
9.552213893736271055e-01
9.762035760998993839e-01
2.153142895134739110e+00
1.253370789608897473e+00
1.253440921709868983e+00
-1.084236135146320112e+00
-4.317946476714195070e-01
2.336424804981428238e+00
-9.877117984454066857e-01
3.019642113753240320e-01
1.164943583965234897e+00
1.516249592261567747e+00
1.126375860939112350e+00
2.180845331918487062e+00
8.788195448233449003e-02
-1.054745642816334206e+00
-1.924791834021241099e+00
-1.573842188155575084e+00
-1.807825146333397415e+00
1.033866542881317852e+00
2.457135945131228461e+00
-4.336974067095786256e-01
2.684458301361710486e+00
-2.185503941463621480e+00
9.606698695860635406e-02
3.594568740299089793e+00
-3.327416705031827959e+00
6.935831612217395747e-01
9.447040448021746251e-01
1.903920025949014327e+00
2.164524705819268036e+00
1.417275783519537757e+00
2.802265822751850988e-01
-3.510168849925203727e-01
-1.625706080115551844e+00
-1.689422489411406714e+00
4.980551443129644373e-01
7.201570234885954491e-01
8.092918446350809702e-01
3.134538366062592729e+00
1.550985043805469310e+00
2.435754271599848586e+00
-1.552774482418079360e+00
-1.640499010692741955e-01
-2.016666709468804441e+00
2.537979177790198548e+00
-1.607837632321731380e-01
4.604916736434220503e+00
7.285416828326012062e-02
-1.819679258042078640e+00
-3.115522333441042013e-01
-5.892372718528973152e-01
-2.742369458084723544e+00
-1.821218354011870266e+00
-1.029734939822091633e+00
3.680046024793485193e-01
-9.692389442907445307e-01
-4.544555984695811679e-01
1.178174753561775479e+00
2.426762492480440514e+00
-1.907129024651313065e+00
-9.812917831953384962e-01
1.166558905258340051e+00
1.900991708566627914e+00
-2.265274195413431890e+00
-1.184240512685856006e-01
7.045646244028588301e-01
-5.241155247405056006e-01
-8.463931101728665585e-01
-2.682601806083176221e+00
-1.729037642793604723e+00
2.684895595863298068e-01
-2.976707721381223193e-01
-4.040549201127096701e+00
-2.624076235786831357e-01
7.622884534281908486e-01
2.169741865375289791e+00
-3.949730741451800142e-01
1.617638554536429352e+00
6.999800794225671252e-01
-2.610065382795875855e-01
8.609035311147796854e-01
6.753656687231817113e-01
-3.804235988821390357e+00
-1.028298233770334580e+00
-3.319183948254090244e-01
-4.050901426990439758e-01
4.032401570183847817e-01
3.798393792393748303e-01
2.037725407635671004e+00
1.473586555235693041e-01
-8.929147950694255043e-01
-4.010067460518341731e-01
-6.910821996442633175e-01
-1.690402600727360483e+00
-1.729445550177135749e+00
-5.612460041290890933e-01
-1.908403920368136053e-01
1.305104971706604888e-01
3.209060223254327493e-01
1.673312837130276343e+00
-2.407914525645825421e+00
-2.457007130461787092e+00
5.732048030511998071e-01
1.432474794990615807e+00
-2.155653603431331611e+00
3.229753442018626686e+00
-5.754077441784115621e-01
-2.880128508363988260e-01
7.388988953904684909e-02
1.539400980294754806e+00
-4.359215807353956640e-01
-6.179266734413142448e-01
-2.051147007773641562e+00
1.454459949359000248e+00
1.100332542780259715e+00
1.657743800384394284e+00
2.276868989797416809e+00
7.012066022825427236e-01
1.882134075418601116e+00
-2.921576410671167245e+00
1.560660289340745521e+00
-1.325485679370164593e+00
1.529852367618806053e+00
2.228232747418267046e+00
-1.139740978843487351e+00
-6.409521883619320737e-02
-1.679559241902082611e+00
-2.009390679793855217e+00
1.025530179959597721e+00
1.158908475049806874e+00
1.233145358407937930e+00
-1.508504585425702871e+00
-2.412032666620577970e-01
-6.304004826733323741e-01
1.760900968702400426e+00
-4.265352811361770025e-01
2.220570306500151858e+00
-2.467759520525072858e+00
-2.165691865786135928e+00
1.401059282642994175e+00
-2.472307156380885829e+00
-3.434513691516418277e+00
-4.816775519068605682e-01
1.145944089441318425e+00
-6.684521834922227956e-01
5.350111426871647424e+00
-7.236790382592040993e-01
2.931518544850862940e-01
-2.209869666330638971e+00
3.062071765870219675e+00
1.210834973055997299e+00
-4.797106845736018310e-02
1.185086828404419368e+00
2.211041608608963038e+00
-3.081619929917905898e-01
-3.011632563393449757e+00
-8.925657139524891814e-01
7.163558218054257853e-01
2.029878666141342602e-01
-1.302522006112784236e+00
1.036998844163520062e+00
-9.445402148888930594e-01
1.927185768026891344e+00
-4.509401488091490107e-01
4.014476383013600991e-01
1.654233321788263433e+00
