-3.865774527158310492e-01
-4.643003270941012395e-01
-2.404141624969568181e+00
-1.641424102619685743e-01
1.313407049393842563e+00
-2.598568612815221890e+00
7.749769830142421156e-01
2.100647434912035205e-01
-1.220911726011341347e+00
1.195394487920779403e+00
-8.939514259840897203e-01
-4.266865463629481714e-01
5.052142817368545646e-01
1.350807720853977711e+00
-1.190704767304017475e-01
2.026571162415590877e+00
7.596692021787168070e-01
-3.490222038140418093e-01
5.081696883795215891e-01
2.998145983482626287e-01
4.788140369045060796e-01
-7.265659146510677902e-02
8.357659903838292603e-01
2.234496896090561457e-01
-1.206558607421975182e+00
1.763634225195942762e-01
-1.425707116047996603e+00
-9.068846855426239140e-01
-6.510817888493607430e-01
2.509294344325637027e+00
-8.487867236054363884e-01
2.846372010132450781e-01
2.234692166976210537e+00
9.545325652019055473e-01
1.393927331417783022e-01
-8.387660107083366734e-01
1.670583589126978241e+00
-2.597516488512982002e-01
-6.467737928208537879e-01
-5.352661878880126123e-01
2.372512723547319236e-01
1.528132254106023269e-01
3.527539604664056139e-01
1.653436365284894238e+00
-9.088113431825075583e-01
-1.624408394475441941e+00
-2.399331365184696752e-01
-3.389084672993919467e-01
5.989121549919289578e-01
-1.598436076453059185e-01
-1.498888001751039756e+00
-9.252516564819860401e-01
-7.209836813073033923e-02
7.955237602303547734e-03
9.537538036180845946e-01
-1.590570188251578143e+00
-9.891728016415765601e-02
-6.576155838803907083e-02
3.632769348686868405e-01
1.125259586441486714e+00
-1.212709287597421692e+00
-2.861332287382126749e-01
-6.922519549685253182e-01
6.705709757550308847e-01
-8.005357247252304909e-01
-1.801170787256107353e+00
1.307549701879827941e-01
-2.389580539807898973e-01
2.249567168626195046e-01
-5.558583898013516045e-01
8.133896815643599787e-01
-1.355264274820741743e+00
-9.916095080235595161e-01
-1.903912119617817145e-01
2.202579525113802505e-01
-1.437233135045696830e+00
-5.598389450565683934e-01
-9.342178198583328541e-02
4.409378721747425622e-01
1.175276137648957775e+00
-6.068738464583437464e-01
-1.397314247003236254e+00
4.052171002835404101e-01
-5.218253387031024371e-01
-6.868996068903629459e-02
-1.089204408597701068e+00
-1.283994621811179293e+00
4.161815405513358823e-01
-1.968467402860381577e-01
-1.393519069461095938e+00
-4.942300912974323390e-01
8.202502439919185928e-01
2.132600737803156538e-02
2.533909628066993047e+00
3.885481097274061657e-01
2.194712790722264550e+00
-6.121918322415505903e-02
2.957976383450351410e-01
-6.475078385340131693e-01
7.801780580863456604e-01
-7.597377363148489771e-01
-4.391450366216157475e-01
7.416941042820783814e-01
-3.396066131606713112e-01
6.746609552685550737e-02
6.917511014106867417e-01
-6.299336977973946095e-01
-5.601738944639182982e-01
2.485883650552921154e+00
-1.103772403366186372e-01
5.099268538837862241e-01
-2.324081690459999239e-01
-8.670493766067149943e-02
6.632250853631334042e-01
1.063645503535039838e+00
5.173743448501011422e-01
9.905729514515144718e-01
2.259667018652447845e-01
-6.281290077781045422e-01
1.557960772849957265e-01
-2.282155965638554135e-02
6.030502488605677947e-01
2.323826669988188209e-01
7.734365984217994594e-01
1.174685757472457404e+00
-3.855017165075669827e-01
2.014062146600420711e+00
3.045043352043506069e-01
8.808536279293469606e-01
9.069629334322842906e-01
-8.856977279491791144e-01
-4.773020311601299803e-01
1.186399734582006982e+00
5.442074514367631344e-02
1.410381736900516714e-01
-4.268625938734650904e-01
-6.558138128784483101e-01
3.259405386661703430e-01
6.664712945054437898e-02
7.629534910920598989e-01
-1.135092916946756070e+00
1.184679825071193626e+00
2.636987016506346926e-01
-8.332705257341576077e-01
4.556924708716494909e-01
-5.064979771376473122e-02
-7.474067690174435175e-01
4.392818880756693689e-01
9.586164444965405984e-01
1.433299115533211765e+00
1.126767135750421200e+00
2.061482875743092968e+00
-1.040016495618858006e+00
-2.366949153224190971e-01
3.415955522822852197e-01
6.271141359127012649e-01
5.606775346129506676e-01
-9.204716316804080478e-02
-8.099545825267904231e-01
8.482538978574772903e-01
-7.262176611229194112e-01
2.170041289861973643e-01
7.661814479299203229e-02
-4.213588977761900667e-01
7.305208108349169338e-01
-1.186116416108935478e+00
4.074276142842020443e-01
-5.651737129491718470e-01
1.180970161427068454e-01
-5.336275811583315321e-01
7.513046970091459276e-01
2.724301115853259292e-01
-4.933917896228362521e-01
2.045992394476455090e+00
-2.530160296393162422e-01
-5.706305289196893504e-01
-6.477558080208888347e-01
9.159546362534382036e-01
-6.788235221523508667e-01
-1.967167204362651134e+00
4.792848082829445078e-01
-1.034867684817889710e+00
1.197835412792695342e+00
1.891203286440179987e+00
-6.926816308059592364e-01
1.927073337771026740e+00
-4.965851504920281156e-01
-5.817786701493599111e-01
-6.828597556285063153e-01
1.662799700414376858e-01
-4.704344084830540673e-01
3.149371068796911755e-01
-6.623670507978476341e-01
-2.415163202032963308e-01
9.929916095387789632e-01
1.348756856477267840e+00
8.447328410654231234e-02
-1.578505101094751728e+00
-4.711173765609061870e-01
-1.268494576193547108e+00
4.896201737336497439e-01
-6.107531034413304916e-01
9.156408471737068622e-01
2.423539417777316185e-01
-8.179770576318980968e-01
-2.614611953387974141e-01
-9.214274893824092594e-01
-1.658649513529993902e+00
-4.488509146611429079e-01
-5.900696004935206407e-01
-1.214504222278247614e-01
-5.308245508939519741e-01
-8.730997081163522910e-01
-8.066868837577702012e-01
2.730654910617007491e-01
-2.639184349482620595e-02
2.309385957608322271e-01
-3.353465138162570192e-01
2.419781354235384374e-01
9.710624336249585875e-01
-1.150633702798208757e+00
4.434275988466012119e-01
2.211591214451158027e+00
-8.651819885986099523e-01
2.613005478914222635e-01
-7.907673779449537754e-01
1.371609570211671070e+00
-1.079515253916870865e+00
5.315724817524332124e-01
1.086642050218447064e+00
-1.361613850129227643e+00
-3.861374788461697290e-03
4.803909893030868239e-01
2.109583864920801410e+00
8.372019525822889108e-01
-1.203155950885138159e+00
-1.075348850691547842e+00
7.923906686550266087e-01
-1.200718993443582461e-01
-1.270786819206694285e-01
3.690292065695320867e-01
-3.256440453672506674e-01
-6.389208277501268185e-02
-2.944919048855125787e-01
9.115934256520218382e-01
-3.439041775824965841e-01
-1.802790875145530158e-01
-5.046964767581676309e-02
-4.947847704475012431e-01
2.215536983218008571e-01
5.466392535153514753e-01
8.387186952173770749e-01
5.794258904088525064e-01
8.485840483461735140e-01
8.481844308313324365e-01
-1.381025239369039759e-01
1.019995135395461855e-01
-1.383122325283263843e+00
-2.227104964243932783e-01
1.686184920266917409e-01
-5.436412505014740493e-01
2.036636775755038820e-01
6.438955265912986725e-01
-4.682572655666780159e-01
-2.146225521505184197e+00
