2.460514635942913308e+00
6.566387279945045119e-01
1.468480183836661457e+00
1.478785256724268748e+00
1.419957368978340240e+00
-1.831002181241514704e+00
8.764915727770864473e-01
-1.549981609313352715e+00
1.428388970629632937e-01
-4.379506083828038077e-01
3.647166154745256073e+00
-9.714716904935966069e-01
-2.590563215637105898e+00
5.189753043236362551e-01
-9.081798428723311112e-01
9.380097146588902701e-01
-3.319911299524256343e+00
-5.302778947863335812e-01
2.838549602207289801e+00
1.341127030272471821e+00
3.570116574382823371e-01
1.622437162789803766e+00
-4.781551639263138753e+00
2.278849951479838154e+00
-1.129636556316494733e+00
1.147667927245058728e+00
3.394690837823153839e-01
4.282891348234689755e-01
-8.006320307262518865e-01
-2.607317852832333749e-01
1.139137870143986375e-01
1.477939004001427747e+00
-7.890875442650158167e-02
2.157923619691634265e+00
-5.677221113651040874e-01
-2.945350817882090855e-01
-5.547905486142850062e-01
2.496928392642908889e+00
-1.547874692426765897e+00
1.346526370912894954e+00
1.802776810681146813e+00
2.853662008616384860e+00
-7.245001298245929977e-01
7.581444874911890119e-01
1.202417881224717267e+00
1.521222422754615167e+00
2.859266512612414601e+00
-1.038813987416693063e+00
9.913046624075344537e-01
5.788100372306229646e-01
5.489230900739672236e-01
7.719874739604833946e-01
3.233681179909496384e-02
9.660480044840168423e-01
-1.462710158786739045e+00
5.501042096557124950e-01
-5.741704321688465562e-01
-2.091858894871965635e+00
-1.673768303958156900e-01
2.624613541019736651e+00
1.748395287193176051e+00
2.303651267949135217e+00
1.032894311966583656e+00
-1.206740124021733696e+00
6.956719268491726726e-01
-3.585438369217006094e-01
-1.568259300914893462e-01
-1.752894878565546044e+00
1.476514565703321402e+00
-2.028888271195791848e+00
-3.027142398609217189e+00
1.709765562710412468e-01
1.085347966018846089e+00
1.088852919636402516e+00
-2.942923819622050186e+00
3.044472787868591990e+00
2.719996634031022209e-01
-5.875234746196845298e-02
-9.093091100069857768e-01
6.327277740778156634e-01
9.538945020732145785e-01
1.305599123175891441e+00
1.434373864906600682e-01
-7.789960607737114184e-01
1.856612023093355823e+00
2.526208071467511695e-01
1.393393138304333201e+00
-3.441584095806165422e+00
3.423594159978423423e+00
1.902356717927449425e+00
2.654794040497473695e+00
-1.467234223691358252e+00
9.966066436240931248e-01
-1.383405834271032919e+00
-2.427451626769951479e-02
1.337233676399548044e+00
2.255930164638059454e-01
-5.125847230112277053e-01
-1.045761825499476716e+00
3.562231524923835657e-01
8.305424093558440024e-01
3.602402231778368602e+00
9.968445231377086602e-01
-4.399399381518309671e-02
-2.916810399682646882e+00
-1.325582944481556114e+00
1.622787941168123194e+00
2.367798524297157203e-01
2.078846429407963825e+00
-4.658164089632210736e-03
-5.299903798632297214e-01
-3.566133844331303315e+00
1.273132647696944231e+00
-4.621922460950174560e+00
-1.435581640460893649e+00
4.741126253437589755e-01
-1.160178057580938171e+00
1.694964069701085707e+00
-1.384788123320632947e+00
-1.981315583195735641e+00
-1.652773289415252478e-01
3.433977630172986850e-01
7.961424280539363130e-01
2.405834631548504632e-01
1.277629400447886088e+00
-3.451418691583193255e+00
-5.726354588844864146e-01
-5.774986170280488329e-01
1.710501874012669288e-01
9.784131467893355527e-01
1.154515676747444708e+00
-2.400581249379859283e+00
6.822347439516733836e-01
-3.794678944137043208e-01
-9.740230038958277436e-01
-4.402490114656505416e-01
-3.138215366785609417e-01
1.652211658145019246e+00
9.558816256695398805e-02
-3.947328139982156370e-01
9.687607232904359433e-01
-2.323392221439375405e+00
2.667263845388257448e-01
-5.752494466371098347e-02
1.659431113829195947e+00
8.793866738582022391e-01
1.548087476413696040e+00
-1.843854382628458799e+00
4.560226136810129560e+00
1.050597936310910946e-01
1.521683109603954032e+00
-1.421356368811156790e+00
1.069954662654837296e+00
5.473826071893517220e-01
2.163298898064716091e+00
1.842974900514244840e+00
3.132690258717837906e-01
3.011018104667150030e+00
3.203938266163967707e+00
4.563471252138753820e-01
2.787533293216385655e+00
8.710256092853759791e-01
3.782751847422038516e+00
1.695610389656306172e+00
-1.083131256994697367e+00
8.076454333654445872e-01
3.160757267398854320e-01
7.589710622870643464e-01
1.032642079844713123e+00
-1.931794666571416963e-01
-3.780009166782548058e-01
-1.711429029965433779e+00
2.533996669271965985e+00
1.131447324351930739e-01
2.681410524924974226e+00
-8.123968682307531886e-01
1.135590875098368979e+00
2.317512687460635767e+00
8.138836444111405832e-01
-1.944826241937408939e+00
8.681743783355537758e-01
1.482247246337094371e+00
8.151789743865350824e-01
7.582850037732634663e-01
-1.525340295137121327e+00
2.218398238550130408e+00
7.918776235502477112e-01
2.257193890254427959e+00
-9.758400570402638863e-01
5.560578732637411203e-01
-4.098713285726896416e+00
-1.738526418093996773e+00
1.460415312074169747e-01
5.453068373032228244e-01
1.430815646708655020e+00
1.519129728987822503e+00
8.522643411119835699e-01
6.454592620070596087e-01
6.957317995969654056e-01
-1.683321898330958355e+00
9.423896221768628401e-01
6.744386600954012101e-01
1.101275852510341213e+00
7.815611954556899166e-01
-1.021498873593700729e+00
9.909441193770766043e-01
1.178738735858457787e+00
2.053018099255211837e+00
-1.469240019568759381e-01
-8.843493046074561992e-01
-1.081849191608563743e+00
-3.799068575717287066e-01
7.475295618183509738e+00
1.622043309384235910e+00
-1.261286387183478963e+00
-3.614076662063370193e-03
4.318989643895616126e+00
2.239329025078361290e+00
4.424779148546111429e+00
1.716770362514520976e+00
7.668362360789111598e-01
2.643536442883997140e+00
8.560115272402836206e-01
-2.033223332682835505e+00
1.070126239119923994e+00
4.505365868598146584e+00
3.495243571967402985e-01
7.340872233707631533e-01
2.048202159511109954e-01
-2.717949922886815362e-01
-5.973784722215926823e-01
6.010360928603007968e-01
-2.234898753293997065e-01
1.922747412686386603e+00
1.256268837972682184e-01
-1.785639413848434665e-01
2.601623321546893131e+00
-1.052805059895597806e+00
-8.712491111727310722e-01
2.526724073839146101e+00
-1.096317671537909266e+00
3.266381757609282843e+00
8.215725558256312677e-01
1.773950626798070251e+00
3.316799211080689869e-02
-2.511700833569407543e+00
-2.601192757975097081e-01
-1.928987835821410757e-01
3.147287941274780065e-01
2.431059124651176351e+00
-1.444930225298092008e+00
7.312131610514120972e-01
1.278265283240170191e+00
-7.121616171170807030e-01
-7.134036513636330401e-01
1.722217607904449610e-01
1.426427519452206027e+00
-1.393020471939177440e+00
1.836222630216276741e+00
-1.462402147639368710e+00
1.146942315866918083e+00
2.138828664741027730e+00
1.630913686117368311e+00
-1.929742157103552791e-01
2.095418866988945084e+00
