2.916378998509170373e-01
5.154565456140941526e-02
2.457829550820547659e+00
8.637839364587156510e-01
1.029608714707736183e+00
7.432209808564329556e-01
1.005766163416241810e+00
9.187663328776597416e-01
-4.458806094406726928e+00
-5.220066482239224537e-02
-3.969347295291901778e-01
2.485558671381278284e-01
1.805348488495288173e+00
-6.108370717168287722e-01
-2.306172845411118832e-01
7.451660070659307245e-01
9.805809109494498799e-01
-4.522050529924038220e-01
-1.405874541929726385e-01
9.108649459944748727e-01
-5.722280564164583527e-01
4.647608577966602095e-01
-4.688895786336809701e-01
1.388925319996710650e+00
4.560458384312462976e-01
-2.157524513044963288e-01
6.748048414600429368e-01
3.426472759295220438e-01
4.153192368434066584e-02
1.001175496518511565e+00
1.827397436987863166e+00
-1.076136239710409281e+00
-1.150496566594743975e+00
5.776045376714016300e-01
-6.750008150398524975e+00
-1.635103288443386704e+00
9.085639828451737010e-01
1.256020813344235432e+00
-3.932587869765982735e-01
1.499713213169843407e+00
-1.175925063871474663e+00
6.460628438370052962e-01
-9.122955860635397762e-01
1.959532527494245002e+00
4.384586054211395911e+00
-7.357409399145455886e-01
4.479632335555842615e-01
-9.363975727646176028e-02
-9.287060457940125024e-01
-3.463034604464572119e-01
3.160909260614773730e-01
-4.558130950537867321e+00
-1.127547926271048606e+00
1.570916634234309939e+00
-3.074975237077024026e+00
-2.755551610772352777e+00
-9.246074476600899539e-01
9.210216126895314215e-01
-9.310439767897716878e-01
1.074992124773720414e+00
-3.057515362844800411e-01
-1.453172351924923777e+00
-3.632117180703425124e-02
-3.569010266161669165e+00
-1.340282186933784203e+00
7.819972372112823367e-01
4.837176963707411348e-01
-5.152580083045199544e-01
-1.610965369667203717e+00
-2.727643251504681121e-01
-6.033827894045842855e-02
-7.325241673461212466e-01
1.089497920141990067e-01
8.915341607811058111e-01
1.828435867253644931e+00
8.789350341033258518e-01
9.465016993591897076e-01
-3.547556546310961633e-03
1.370480512770056336e+00
1.615912435374883271e-01
-3.175726164752021297e-03
-5.138524798378507619e-01
-1.199109077603775386e+00
1.218957056348036971e+00
-1.070816899208124173e+00
1.307074663049681562e-01
-6.807670972047160873e+00
-1.759796096715374181e-01
-3.004446553827884170e-01
-2.273197703476554365e-01
1.563973536174752543e-01
4.085899067722960076e-01
-1.465479524333027195e+00
-6.804031000329994194e-01
-1.248511170127256875e+00
-2.408321622114953930e-01
-1.296865475644442753e-02
9.571751541268911367e-01
-4.565694968513744345e-01
1.005979300015440892e+00
-1.289863477774732869e+00
1.999210689915747574e+00
7.231818933984843767e+00
-4.366507424825111450e+00
-1.003801234098177231e+00
-2.098564077980574538e+00
-1.078266768396999975e+00
-4.130764082044002805e+00
9.121581343321608082e-02
2.051272381241229237e+00
1.468310811989913811e-01
-2.364296300226977010e+00
3.901146466974019233e+00
1.858191130341527275e+00
6.351937166039788529e+00
6.738371817987454104e-01
9.588629262974175393e-01
-4.931217118535556887e-01
9.101730916075990718e-01
9.461258531769007885e-01
6.737982274495730728e-01
-6.469708097403138458e-01
3.503785291841184923e-01
-1.052335511996738138e+00
-8.303729946571573872e-02
5.507292419691143248e-01
-1.107749600249577249e+00
-8.232216431560972492e-01
-1.482080951517948941e-01
-2.275092843424703914e-01
1.379119104743299573e+00
7.723353826763538210e-01
-1.672627662417069949e-02
5.560840389416644713e-01
-1.365237519335771532e+00
-7.263932629394749263e-01
-3.055256821340787132e-01
-4.181818340172874238e-01
-1.075100965883697191e+00
1.133670127545707729e+00
-7.280537290998068123e-01
1.646995766274764961e+00
1.688526522483664305e+00
-1.148859117670000124e-01
6.591623965643189642e-01
1.381291720438429405e+00
-2.013396448861709320e+00
6.880070165978005026e-01
-1.231266305007433365e-01
-3.265345227700929609e+00
1.287732344089462355e+00
7.276862879400305406e-01
1.265377655372748045e-01
-2.637718076080459717e+00
5.258820145208800700e-02
2.112626675750106653e-01
4.283543795074493121e-01
-4.707781655991896685e-01
1.417921306160445649e+00
-1.172621898493428683e+00
-9.960076560712405325e-03
1.069665468511983075e+00
-2.727217145697604650e-01
-2.473260503247358133e-01
1.015286927284735213e-01
8.613760095311739917e-01
-5.954398802102359722e-01
1.012175070630347395e+00
-6.210761910899315730e+00
4.049977077496730860e-01
-3.619234409893744286e-02
-7.128875892914856571e-01
-1.070653044439567880e+00
-4.636348540759708814e-01
4.381629784867026034e-01
8.738173090182475011e-01
2.517715396121769533e+00
7.804819201581182364e-01
4.970062306940578045e-01
-4.610428090892495945e+00
5.927365757790743483e-01
-1.224517154216276049e+00
4.939956996354297747e-01
-5.600152786567993424e-01
3.530110319397704810e+00
1.822342215885415007e+00
3.168223010121357652e-01
-1.524723133470671455e+00
3.595598964532651376e-01
1.797570998583762680e+00
-1.986593309696535803e+00
-2.077097829522236427e+00
1.689700156121497765e-01
3.006690652345318515e-01
6.246116679092856838e-01
3.098311913443812848e+00
-5.497982948682695881e-01
1.591187105204530772e+00
-1.321723081171356062e+00
-8.898742472389113978e-01
3.355127839278064794e+00
1.533705054658131672e+00
-1.344353222259221603e+00
-1.250366695680936058e+00
-1.401045341124662391e+00
-1.046821730985157295e+00
2.109686141235046775e-01
1.263588424491386419e+00
3.355396187473378866e+00
-9.758133319984862997e-01
-4.803114941208826982e-01
-7.342720875202271014e-01
1.180179593476137434e+00
2.148875665867175044e+00
1.041784107036321849e+00
-1.943671792704048384e-01
-7.429414369518652084e-01
1.538332733003542563e+00
3.207772229681106826e-03
-5.968492841531766180e-01
-3.093064787286804673e+00
1.985341035557082634e+00
-7.860976874710998707e-01
-5.820783495045477096e+00
7.196930444880335065e-01
-5.197646793962949374e+00
-8.245080069488375241e-01
2.830519445042333437e+00
-9.754571733700114766e-01
5.580712425240070829e-01
6.667005229565866609e-01
8.101517059671634602e-01
2.466345325056990667e+00
1.789298901108302475e+00
-6.281285096660726985e-01
6.627703188778713006e-01
3.451536389687072326e+00
1.511670503451045144e+00
4.694315119932999991e+00
6.413555993176933701e-01
7.952019822524516446e-01
-3.311725330818021673e-02
1.438216133038945355e+00
-3.253364047061668707e-01
8.231233580141117390e-01
-3.538017063916240712e+00
1.139745977298229018e+00
-2.819126383864457575e-01
1.233022159022695963e+00
-9.308425557029735842e-01
-2.545056264322807515e-01
-2.784469100620178938e+00
-5.574384460549682840e-01
1.080412190948733531e-01
-6.646492824520086051e-01
-8.544288094089702579e-01
-3.346069139642005030e-01
5.180087047654371446e-01
-1.035405845036629024e+00
1.584059113119262285e+00
-1.913049348619819401e-01
-6.237968727040337225e-01
-4.419762674992601115e-01
1.303343814378076670e+00
-5.253887383946302059e+00
