-1.081845286758142066e+00
4.484183806547024087e-01
-5.188378049308901563e-01
-1.700177819651041311e+00
1.239968038486910507e-01
2.121021482737071917e+00
7.355501866981090098e-01
9.483239287191738143e-01
-5.145902007392701982e-01
-3.484029409718437664e-01
3.821758256799765441e-01
-7.039347525821998408e-01
-2.543720676697749372e-01
6.105915936337283911e-01
-7.276723112204512844e-01
-2.290379528245028995e-01
4.242358287600964672e-01
4.827317148452054951e-01
4.125798400380487063e-02
2.452693649336152859e-01
-2.483843361944590988e-01
8.773423404338862586e-01
7.201507530627320186e-01
-2.729771282404412913e-01
6.042873714633998361e-01
2.591113538599045807e-01
8.186286427396489707e-01
2.525423688016734114e-01
1.291322894907790397e+00
2.686054353098423775e-01
1.637306532503763901e-01
6.357476562492080374e-01
3.190343855347194668e-01
-2.453816528274818665e-01
-6.084685544489460973e-01
1.333333607563539358e+00
-9.135890720797207321e-02
-6.217230317819617547e-01
-9.008101480515231518e-01
2.654130115551306401e-02
-1.636523402203411137e-01
2.466660845449977213e-01
-7.296067933541928729e-01
-7.143076383911445282e-01
5.991778245000946301e-02
-2.009324182863682084e-01
4.169093710681427423e-01
3.994605352082297722e-02
-2.263561495216770414e-01
6.611429295184588772e-01
2.948662239937038798e-01
8.637997386105307207e-01
4.671620144658562568e-01
1.798726865960902921e-01
-7.823122146546475086e-01
-3.860095668920608958e-01
4.226824055224815968e-01
3.021967315773806950e-01
9.441704026433482833e-01
-2.155453031672530106e-01
5.071295686019675619e-01
-1.662527628996610218e+00
9.302960449387689401e-01
3.766577040278534794e-02
-4.194089648809726789e-01
1.504774995346514377e+00
3.274007020875349117e-01
7.889867060450675984e-01
7.150631938887633821e-01
2.056285243856919853e-01
3.100224166435177620e-01
-1.057197440617585471e-01
1.366153838341988558e-01
8.321370997394472724e-01
-7.770636687334528947e-01
2.713505777390830265e-02
-7.705255792007251747e-01
-9.633429179613737237e-01
-5.283879817842341842e-01
-2.544197265554214993e-01
-3.221140757271372945e-01
6.163769430917230840e-01
-5.654559608639999624e-01
-5.227732358989585215e-01
2.099848056037734167e-02
-7.539789496504001320e-01
2.112839161108629182e-01
1.557369206332830935e-01
8.274246048841440437e-01
1.720352356774427494e-01
-1.108910103730266217e-01
6.438436400992491038e-01
-5.906552753730065497e-02
6.715830707105221453e-01
-3.679574023599446186e-01
-8.244520726610342631e-01
3.635491914878798969e-01
-8.142946163309707774e-01
-4.007957662414141087e-01
8.165417549959366195e-01
-8.560875262212372938e-01
7.395442056283469956e-01
-2.517564877307475468e-01
4.292956043885955975e-01
7.393278564037973899e-01
3.449826099961912362e-01
1.003731365084915561e-01
3.137082613446726675e-01
1.092878447026300215e+00
2.462335649164170359e+00
-5.535430907720421123e-01
4.392792958179103646e-01
-1.363343896629928498e+00
1.021312573983455430e+00
1.146119695098377189e+00
6.805408324811874632e-01
-5.235238523033678426e-01
6.835790702680867303e-01
-3.894447085025267707e-01
-9.598857231817434221e-02
1.517566743040350774e+00
1.234378036619758756e-01
-6.162952691465733990e-01
5.699725935857893333e-01
2.332016291641511863e-01
1.144937590000072669e+00
2.415501830640529035e-01
-3.065538801086519216e-01
-4.536820383386335198e-01
2.576955908531823880e-01
8.314635704250530335e-01
3.848097543340018856e-01
-4.401804403285037304e-01
1.877228526490002380e-01
-3.327655450291084893e-01
2.806334774425600642e-04
2.313399739582819858e-01
1.722063055040389812e-01
4.706932859781159939e-01
-5.417167994444760382e-01
5.812981376773375120e-01
-5.335110221295448207e-01
8.760345251764318775e-01
1.839799314254577656e-01
7.756831429283983503e-02
2.084715476088541686e-01
8.981422561799143889e-01
3.238509968632443670e-01
-4.153166125196917635e-01
-1.255013100243438817e+00
-5.805634941179105279e-01
5.292758147807317126e-01
4.662548781699123457e-01
-6.928490515581078313e-01
-2.890751699768041583e-01
3.663610683603958362e-01
4.339515569974448095e-01
-1.335561945587833144e-01
-5.381653780466195691e-01
7.603057259352477004e-01
5.008451327805258924e-01
2.298208537067888191e+00
5.623889930736869491e-01
-1.091685435259809045e-01
5.296697632426049518e-01
-3.753914238378795454e-01
-6.286981270364022656e-02
8.042950078046727791e-01
-4.209973985833888044e-01
1.365849895204086506e+00
2.207770399195183586e-01
5.546411510270172762e-01
-1.253519085849068571e-01
3.219101353253202014e-01
9.701742617398902979e-01
2.368499358819774192e-01
5.677486989930622396e-01
6.891790807466779967e-02
3.169487671350186830e-01
1.454406140076772491e+00
1.104800652200349065e+00
1.493912834930303246e-01
-3.950656954835550794e-01
9.452968054413610766e-01
6.487106252098575609e-01
8.719596234129454171e-01
-1.377375009201274314e-01
-1.345720613847886660e-01
8.285609412583836431e-01
-8.364363585365045539e-01
-1.093817330098477481e+00
-7.133783834743417929e-02
2.523323869744029113e-02
4.020858881166545218e-01
2.907407812703165284e+00
-5.002185531234676352e-02
-6.056439012616396944e-01
7.336828753371285039e-01
5.675751987777036822e-01
7.633517995294670788e-01
1.653814420233668647e+00
3.416041862342644730e-01
3.732528231259293339e-01
1.132989908567830106e+00
2.884587909363343083e-01
1.721532799175125694e+00
5.503307764741416364e-02
5.214504808488303889e-01
1.195868836977754673e-01
1.898712715548182550e-01
-2.530464893034476415e-01
-1.637002779407637387e+00
-1.653339350021692522e-01
2.957238090329138980e-01
-3.345572312182862329e-02
-6.524141622507344529e-01
2.316960930928304574e-01
-4.605689234641225926e-01
5.614968765478984825e-01
6.247336696655823030e-01
4.633938107205495815e-01
-4.641192751796462956e-01
-2.451595185995264770e-01
4.378001140807278313e-01
-4.583687044210740247e-01
8.825562144258373154e-01
-6.125773501607501004e-02
6.324704410915491515e-01
-2.741383306554324162e-01
-2.469208593281009834e-01
-9.589130522808617108e-02
1.598708712786799602e+00
4.464317391442401139e-01
-3.995297414315200912e-01
-2.126572420734316182e+00
-1.329776796538699735e+00
-4.973706388340766171e-01
-2.763529736924191793e-01
8.852990521718246963e-01
6.813730132009684359e-01
-2.559939850071356049e-01
-1.634313194532768798e-01
-7.464672215405944167e-01
4.899313320531444305e-01
-7.148703487830672110e-01
7.390664388124232875e-01
6.394943606265155456e-01
7.679694388004855155e-01
-6.949516364463569074e-02
1.430838776319421024e+00
-1.663734439016154032e-01
1.141019035677587112e+00
8.289494001478288077e-01
5.128053319848822067e-01
-5.731954967919243860e-01
4.909611831323946740e-01
5.251412811353499688e-01
4.358774555382967097e-01
-6.109376208117092144e-01
-6.978202833549713713e-01
-4.035185698159715617e-01
-6.502373657415762009e-01
-6.579948695677362291e-01
7.127623514281080652e-01
2.544595295325091211e+00
