1.140991114512550197e+00
1.109367550961703142e+00
-1.009683690527670485e+00
-4.361561257322940088e-01
6.677647567460663902e-01
7.588132384447792145e-01
-8.746259115455943256e-01
-3.242149968901799628e-01
6.905154100791821570e-01
1.622383679206579332e-01
8.199169882157032740e-02
6.306461925486044340e-01
-7.510664418652035490e-02
9.013627896685050267e-02
5.486624120522124448e-01
2.531352342190553717e-01
-1.702194303709583245e+00
-4.300044988443643135e-01
-4.072891342660640568e-01
-1.831062697257936023e+00
2.791742503131958708e-01
1.123801118549892841e+00
3.849400217047537209e-01
-8.988613423251348156e-01
4.880874271073800535e-02
1.314260278907160018e-01
-3.885052792598629345e+00
-7.216881668902945801e-01
8.080066629190030270e-03
-1.099566957136377976e+00
-1.011367527247738485e-01
4.967437156146220500e-02
8.506086606744586720e-02
9.813557437483576562e-01
-3.984516873752729227e-01
4.681161631672101642e-01
4.624705540628903377e-01
5.069647035579200045e-01
-4.716830946414706793e-01
-6.435895687325990933e-01
1.435417688397684632e-02
-4.370203875780499514e-01
4.360724579238943188e-01
-1.503125946037604521e-01
8.461225819319798114e-02
2.507309290462527707e-01
-8.636991612618821756e-02
8.571368140505042366e-01
-7.746146414295490557e-01
-6.488994986976817092e-01
-1.082887566828165671e-01
2.435830552226244006e+00
1.271864895203309587e+00
-1.671060114452996848e-01
-7.797488083022311445e-01
-3.008039448538182281e-01
7.242914594601355116e-01
-1.150854393275835497e+00
6.687210524397420031e-01
-1.161955972487254407e-01
-1.140719903396727464e+00
-2.162374273414988668e+00
-6.783754723401080877e-01
9.349655737999518212e-01
-7.318492516395891379e-02
1.214136993079759086e-02
-9.420457950914411516e-01
6.327754279351467392e-01
7.419373504785443663e-01
-2.595472882683824145e-01
-3.346113369658669789e-01
-2.107609986652126288e+00
-1.043773036561914669e+00
9.973922250481943585e-01
-1.208413666020252408e-01
-9.496231653400172279e-01
1.215249549800277024e-01
3.670032723129538210e-01
1.197059353401010023e-01
-1.647264565795482083e-01
-6.291266849376297987e-01
-7.211485860074448029e-01
8.397456329081232074e-01
-6.174860957179568732e-01
2.313955435654792836e-01
5.308044897781012406e-01
5.967579264991501597e-01
3.154166614355977671e-01
1.242622211205472116e+00
2.465364786790159024e-01
-1.908688423488863195e-01
1.716620410616718773e-01
-1.345442624335938087e+00
-6.874649766359668401e-01
-2.655776061720410697e-01
2.206741951469390617e-01
3.397306926175586855e-02
1.925202861131052989e+00
-1.706611259272405867e-02
-2.941713513988003514e-02
1.932891967178334891e+00
-5.347014062498984394e-02
-1.827173017597742755e+00
-3.183606869453059485e-02
-4.919355882200353025e-01
2.344855634841935543e-01
5.478898117544561686e-02
-1.897099558171558398e+00
2.503878222591492397e-01
-2.679273787416334707e-01
-2.434233267151228119e+00
-3.687938618172665883e-01
-4.694041171755015118e-01
2.976981253146595563e+00
3.594626749821471789e-01
-8.541951022639613367e-01
1.868148931690070125e+00
4.371494866308946459e-01
-1.381931201748866300e+00
-8.353213139061535508e-02
5.132040107201967238e-01
3.309020080902870253e-01
-6.601591241117703568e-01
-4.548333550217988908e-01
6.673501952419548244e-01
2.611827381426404804e-01
-1.863610853393621869e-01
6.692350045601664910e-01
2.449096759355610664e-01
-2.392699002395143992e+00
-7.869406432804599838e-01
-7.916900558120427700e-01
-1.326475835623170951e-01
-9.763227742805279386e-01
-1.132374907834275968e+00
2.522404161325653149e-01
-8.871556818232753105e-01
-2.371231798445649908e-02
-1.207105734437790678e+00
-7.564661378584109919e-01
1.635541096027495644e+00
-1.811510415586539136e-01
-7.332958601331187598e-01
7.801037277955494842e-01
3.748498703688424305e-01
-1.040206995539683543e+00
-2.926566812220928737e-01
-9.187428594520991032e-01
1.898703403219253460e-01
-4.353076211296051934e-01
4.888560038831193388e-01
-2.300543578546493606e+00
-2.742517954268036684e-01
-5.223890938676494233e-01
8.892812211407326028e-01
-2.833350911538492500e+00
6.436868336478276387e-01
1.895971599078204450e-01
-1.369796518587294898e+00
-1.444249545775718291e+00
-9.294810440235989901e-01
5.430366997958857578e-01
1.094509845948682170e+00
7.200921933571307054e-01
4.137829763408900074e-01
5.124329577504693756e-03
-5.266493094214341752e-03
1.060613327887838242e+00
-7.718266996556203408e-01
-7.855383425884210347e-02
-2.093802368301841632e+00
-8.830868653785343136e-01
-2.759259212976054587e-01
-6.681493081315754701e-01
5.268131873323937953e-01
8.955376762218630882e-02
9.084832010978383110e-01
6.266318230220351282e-01
1.231471582861830560e+00
-1.160533898848323808e+00
-3.903953517731904022e-01
-2.736554656112629158e-01
1.623397449030709705e+00
6.652098756912572242e-02
-7.239668950896930300e-01
1.156758274091871153e+00
1.087013167667857938e-02
-6.176374568358047323e-01
6.060955173326898482e-01
1.152201885892456534e+00
7.921879892223320230e-01
5.555683433567961682e-01
-1.313371033997171811e+00
1.540476780212469254e+00
-4.441469502970279981e-01
1.060671648635581388e+00
6.359573272309765324e-01
-1.039444964815472439e+00
-7.174281837245513049e-01
-7.425997226359850600e-01
-8.831599694430724012e-01
-3.677241526816512618e-01
3.722492597629299960e-01
-5.371990861753386248e-01
-1.825192787772004777e-01
-1.353430356043297533e-01
-1.296998696032680976e-01
-2.927474607091630432e+00
1.721152468348513542e-01
-7.274315099583494870e-01
-1.014617483468840398e+00
-4.700859777059376854e-01
6.979007201408093941e-01
7.698391242756519315e-01
-1.499937578808718808e-01
-2.213554505284434093e-01
-1.933484331953808866e+00
1.945947363039266520e-01
-4.284311282473263760e-01
-1.052840649305115894e+00
-2.045509083924855531e+00
-6.969517462850844947e-01
1.126586521105475830e-01
8.055069453191903150e-01
7.763471848837120159e-01
6.257863678910513539e-01
-3.871244427200444260e-01
-7.456994190208869888e-01
1.837557838892978523e+00
-2.919859308553899302e-01
-9.535017329639104977e-01
3.035677348534350228e-01
-1.290019798731347200e-01
6.274695051574268323e-01
6.422346246894206079e-01
-6.653033404485209079e-01
3.835024928108159425e-01
1.784384696314988972e-02
2.643762559642613974e-01
-1.711354814571332872e+00
-1.804551094986535653e-01
4.770874569853197356e-01
2.239658929641807017e+00
1.746617972123354345e+00
5.757318107145905639e-01
2.511446736696788529e-01
5.184876414051342586e-01
8.939694355967220396e-02
5.658133569390695339e-01
1.392531844803673424e+00
-9.018372339376170554e-01
1.221566516883436204e+00
-3.912805790267401274e-01
2.578612019070406269e+00
1.259420127233875863e+00
-3.112497183271636381e-01
-9.427344343776269397e-01
-9.271262398365063273e-01
2.226675113389876337e+00
1.018976239856945520e+00
-3.524860107103464646e-01
-5.981233410559092523e-01
-3.834115029884780590e+00
-1.746432188525532281e+00
5.970514707444797564e-02
