-7.027955937134057196e-01
7.693254750287918942e-01
5.635093374893717505e-02
7.143472569998428057e-01
5.726444283500442545e-01
-8.222513308572647617e-01
-6.667995233536857524e-01
-1.443352171314700838e+00
-2.392703191336300050e-01
1.147752706379048027e+00
-3.308071915755635750e+00
-3.857089539246488785e-01
-4.841780309438205587e-01
1.238506369665480333e+00
-6.391747981075630580e-01
-1.102030148742256355e+00
8.662425118611970509e-01
2.950622322219956128e+00
3.430036530762339275e-01
-1.502493671830631428e-01
8.416890192493038381e-01
-1.126479766472362254e+00
-2.749525190346184811e-01
4.169967834718424360e-02
-2.437104351540662073e+00
2.133359972029821083e+00
-8.969237662019371449e-01
-1.131921015593994717e+00
-2.790717645420196513e-01
8.403614449349688931e-01
-4.663940799136276905e-01
4.303747276638373448e-02
-4.583064548927154869e-01
6.188580902864287969e-01
3.716012745277560980e-01
2.074327047845570871e+00
-1.212750107125662780e+00
1.803960681704962932e+00
6.684077491461637432e-02
-6.497410910124213901e-01
-9.468805048808982550e-01
1.638702924590272336e-01
-6.407660215386584701e-01
3.659617325683219846e-01
5.896095608687437206e-01
3.012733515987267463e+00
-1.124670202307948674e+00
9.887304363219774350e-01
1.584772871363711477e+00
1.179133750683096338e+00
3.065890727535491855e-03
-3.697570673670601549e-01
-5.705745889086104583e-01
-2.763657632504205042e-01
-2.106526043288012850e-01
-8.215829349401664317e-01
-1.814914830085336828e-01
1.957019388012852357e+00
5.764623043824856907e-01
3.330372558531509153e-01
2.195947230221338975e-01
-9.592230899538589650e-01
-7.737658549660612062e-01
7.697624279937181901e-01
-1.859038966739391396e+00
1.575963023378338379e-01
-1.399154451621290596e-01
2.946888666734486684e+00
-2.493753987978263531e+00
-3.969876251069104911e-01
1.297370692097287170e+00
8.799150247662375079e-01
8.615158225101369194e-01
2.974244961727274816e-01
5.791913615799693105e-01
7.796845383891575221e-01
-5.481019534370707991e-01
6.754917359815046929e-01
3.020528503150797794e-01
4.795964267022130301e-01
5.170516493404518910e-01
1.391031950678866425e+00
1.910128851182975041e-01
-1.021054504375556338e+00
-5.627303409773062315e-01
6.213578991947800167e-01
-1.133156874839556849e+00
-1.273482879707450888e+00
-2.974817328005896488e-01
-8.768742191542674425e-01
6.801985145191955517e-01
5.690722146076914942e-03
3.805862447061942322e-01
1.652974070529654949e+00
-1.060509852697723687e+00
9.495693991714343474e-01
2.015174714229877928e+00
-1.468854586856526590e+00
-1.659746977253864220e+00
-7.549975800194916875e-01
-8.278457605458575674e-01
-6.605315148086339239e-01
1.801928697160170845e-01
-4.855083448417296110e-01
1.492284869289084437e-02
-1.268662395486300110e+00
3.893411265243281738e-01
-4.215623979060466597e-01
8.021945651872003369e-01
5.009489471912018654e-01
2.903347596100556705e-01
2.423478813149630429e-01
8.431507425808849598e-01
-9.342980156844148398e-01
9.519459765218629688e-02
1.048839460329988427e+00
4.355050326169698227e-01
-9.773247614526255900e-01
4.454771365719162324e-02
-2.695162911244203263e-01
-5.144960928606421291e-01
-6.999049368155304540e-01
8.067382080399552180e-01
7.376394357783461198e-01
-4.552930562457119246e-01
2.970082904252010270e+00
3.431809188302115676e-01
-5.362971570465164817e-01
1.453901568828552149e+00
-2.204459479842553193e+00
-3.887950847731010962e-01
7.263760141532381587e-01
-1.377886450400924279e+00
8.961078229183698785e-01
1.767618691257117014e+00
3.144271930010618388e-02
1.757580114478977384e-01
5.332749679880466331e-02
-8.504494703072827955e-01
2.438422068463613479e-01
1.865430501450955347e+00
4.848109374836424013e-01
-3.947071207193564302e-02
-8.281163957255537333e-01
-8.433818480038780541e-01
-7.691294855675694375e-01
-3.420386728780173691e-01
-6.275306879415400996e-01
-1.928555731759578507e+00
-8.113297399759844541e-01
4.633828564765802294e-01
-9.031503632144658456e-01
1.025191896649749745e+00
1.952893151226729573e+00
-6.276791620792363524e-01
2.708549846756766577e+00
1.634680149536327232e-01
4.029412304166681835e-01
-7.682779187933433951e-01
1.971432343011983113e+00
7.039791027432261705e-01
-1.913832679025764039e+00
-4.238956298295840641e-01
6.764368374509481807e-01
-8.310721387678481342e-01
-1.095255854576505372e-01
2.299924898859048827e+00
2.888133333833582395e-01
-5.290396470998816048e-01
3.475740388648453916e-01
6.601407175157113505e-01
-9.203848440177819779e-01
-8.510251588657385957e-01
-7.819395772933772637e-01
-3.059698221057505219e-01
-3.152019640339392303e+00
1.465707652875820388e+00
-3.117169005706010854e+00
3.645028916508576411e-01
2.689870144766071114e-01
-1.766771101990677550e+00
-2.238947913333776185e+00
-7.893572896120566451e-01
4.280698089763873559e-02
1.702444090858386272e-01
2.753670573251015830e-01
-2.252333115605376967e+00
-1.527630955860392215e+00
-2.358539302259675452e+00
2.258924884089555385e-02
9.210897997393533432e-01
-1.250959643790090725e+00
-3.856288159075226263e-01
-8.885711717593958170e-02
4.670650402385292943e-01
-3.228515748112588124e-01
-1.096700918042034623e+00
-4.772060954602815319e-01
-8.723773136370477355e-01
-7.093358912619951440e-01
1.364265427912281746e-02
1.405165952891655579e+00
-1.113435152828647468e+00
1.455094772868685271e-01
-1.571147215655638085e+00
3.683384173700667286e-01
-1.385258081579852973e+00
-1.676342883314164478e+00
-2.652415041766360559e-01
1.214910506284046926e-02
-1.311286730014465718e+00
9.492380207580931595e-01
-8.495779270596458543e-01
1.392935830915878470e-01
5.425442594195123425e-01
-4.737241086694952974e-02
-6.444659581689582417e-01
6.180536143207926436e-01
-6.314473683738682785e-01
-6.867600512221511133e-01
-3.294817012856813832e-01
-2.176868656801246527e+00
6.907681317031649781e-01
-2.339161862822981330e+00
-8.554366172454835882e-02
-1.093548907063459419e+00
-9.074238423888631999e-01
5.791626470363021584e-01
-9.274404279431743836e-01
6.288296125272645476e-01
5.582550152913042796e-01
-5.543638814808971027e-01
6.226893083688891384e-01
5.469698679598219426e-01
2.981944976438648087e+00
-5.095869936473137463e-01
-1.098954566795122156e+00
-1.176477938832493075e-01
5.128889394225324416e-01
1.912623244759226182e-02
1.649112953292537487e-01
3.794184834176019816e-01
9.193701138223447922e-01
2.545654716060252287e+00
-1.240259086680865902e-01
2.130664150731705675e+00
1.391926161741852686e-01
2.576888449025050765e+00
-6.212435426828195606e-01
2.026138452575883875e+00
2.481423538660466388e+00
-5.515487676365791181e-01
-9.674881551896620246e-01
-1.245028259980811569e+00
-2.136257529849714842e+00
-6.070062436606753487e-01
-1.546933544864300458e+00
1.945713835215382437e+00
1.127327168359021359e-02
-1.204412703673507501e-02
-7.038870200019391454e-01
-1.871197972108776808e-01
2.951735939853139534e-02
9.943126093910141794e-01
1.186624952548125389e+00
