8.948469983260465277e-01
-1.606768981117524309e+00
-1.228163932192579466e+00
-3.615417927442025059e-01
5.838271941835764256e-01
-7.732731911401229397e-01
-8.981712615665975452e-01
-3.753721751460048495e-03
-5.501777114375440147e-01
-8.950039343413704329e-02
1.668291202675374341e-01
4.521043589007023300e+00
-2.189439414943869622e+00
-1.450115993231444023e+00
1.608094877951121049e+00
-1.683100882694227973e+00
2.506511625389785891e+00
-3.710109320722421167e-02
9.013387459849744321e-01
-2.100606782985495968e+00
3.341907726666908829e+00
9.184820502080393023e-01
8.267813788250192308e-01
1.802455827440745395e-01
-1.887832091233455856e+00
-4.264891465973791318e-01
8.226103217923556032e-01
-8.822943784397292433e-01
4.513058797451037663e+00
-9.144070930689532917e-01
-8.791920741371962444e-01
-2.132786422463676779e+00
-2.158414944587881301e+00
1.853643417925190162e+00
1.013546098699514841e+00
1.720118543596932392e-01
-2.273447042944549246e+00
6.733820898851441417e-01
1.635763681421452009e+00
7.854391777947525854e-01
1.705701431189563966e+00
-1.285780129912291292e+00
2.423446031974543668e+00
6.547313301358593796e-01
-2.276898043110016978e+00
6.717346570700000186e-01
5.190602109756148330e-01
-6.126620532766177685e-02
2.093114744805740113e+00
2.150650803374145603e-01
6.727448405262861364e-01
2.622730916449713678e-01
-9.231094551591016995e-01
9.549268687642229470e-01
2.579210876513472694e+00
-1.312952528227931293e+00
2.754154287011059132e+00
3.724823514811678726e-01
-2.356916741739921939e+00
1.429301945630260917e+00
5.197643003333956013e-01
-1.497990257191961216e+00
1.794742034826502186e+00
2.521561121033364383e+00
1.163761109470570654e+00
-2.278002328499567630e-01
-1.082296317184423096e+00
7.070238861285302878e-01
-2.093536793773040472e+00
4.975033661652616956e-01
-3.515679004547040964e-01
1.070756067408436540e-01
-1.902134994458174466e-01
3.639550838531881993e+00
7.237024996187260695e-02
-1.422891808643221845e+00
2.820150448869484183e+00
-9.955563604964570157e-01
8.156188146361309510e-01
-1.615628566942074684e+00
1.561854661379103337e+00
1.573199924179743414e-01
1.458078361756197094e-01
1.724455995955594512e+00
7.302655041785766077e-02
6.406235395854215087e-01
-1.558789924532663074e+00
1.222722900021516956e+00
4.566372687700090416e-02
-2.089705431971531802e+00
3.185418456586705638e+00
1.528648195052397130e+00
-1.717155802894688499e+00
2.182926261404122492e+00
-1.881331848236267756e+00
-2.085419866952827661e+00
4.607493005724387913e+00
3.776035572786066163e-01
-1.669617853796760087e+00
-7.253904300897076052e-01
2.738413527289826455e+00
4.329251917354346446e-01
-1.934620513907748585e+00
6.753090620646189812e+00
-5.108689487808262264e-01
-1.947728359088816141e+00
8.709575897824934909e-01
2.751459859287012755e+00
1.039374072405468974e-01
5.136903786926977356e-01
-1.276885454730231739e+00
1.652094602901074794e+00
2.920082126269310852e+00
-1.679652644033861719e+00
1.799335276035758380e+00
-2.554141719312058578e-01
-4.306448277019833126e-01
1.067439023993486336e+00
5.816727080207377831e-01
6.937562172236780844e-01
6.652922220643525675e-02
6.485323872074698626e-01
8.409407508013846955e-02
2.396449381305401083e+00
-4.441126422464365398e-01
1.610184236915886524e+00
1.787723772190167093e+00
2.530071597712071796e+00
1.337041425110507165e+00
3.401728763247614751e+00
-3.081722246199069204e+00
6.861525500415771583e-02
1.862509626541958063e+00
1.992141537132052553e+00
-9.496713257321498514e-01
-1.833156024251609839e+00
-6.710305639182648774e-01
-1.027012696959400007e+00
9.487729855694235770e-01
3.429245148317281444e-01
-7.670947808311823213e-02
1.252716141639242053e+00
1.964985321588732514e-01
-8.653849701243540582e-02
-8.344527377957459136e-01
3.104033443484556010e+00
4.510413493318425893e+00
3.246393896198007667e-02
8.810803031750867875e-01
-6.400889508464977506e-01
-8.155786096978701050e-02
-1.374813576077128729e+00
1.230551252380783112e+00
3.505366170397076875e+00
1.612738202776689889e+00
-5.144133333882509262e+00
-1.995053096498852874e+00
1.698307453605753636e+00
8.064884348740597453e-01
2.297510869752700913e+00
3.704082904506814433e+00
7.157245738774926647e-01
2.054141966719032375e+00
4.227299661066235004e+00
-7.435409576486463612e-01
-1.374387938132145326e+00
-1.035179343930191065e+00
2.581975240165384822e+00
1.254933108466383063e+00
6.660318035082219978e-01
3.288901053926077900e+00
-1.303955827594275751e+00
2.202100326918698392e-01
-1.919131311417332286e+00
1.211837326026490969e+00
1.419381639012712526e+00
-7.612657683056713864e-01
-6.370065807778788614e-01
1.430500422875099042e+00
-2.610822089340982810e-01
1.505574879824378876e+00
3.040520320668348431e-01
-6.246107866444574608e-01
-1.162303657625749720e+00
-1.144171294054563415e-02
2.348855633791882891e+00
-3.893042727748474707e-01
-2.247034004753165615e-01
9.604191286247509840e-03
1.812038864176538366e-01
6.401067835966004482e-01
-2.479501587983061750e-01
4.018632841075707729e-01
-1.265364683476040419e-01
8.480027764182950234e-01
2.492829391791795968e-01
2.264843754624005889e+00
-1.460871573604219709e+00
-6.624124678393875643e-01
-2.898068333541538255e+00
1.760236984530636262e+00
2.517133626175251493e+00
-3.369380379599806741e-01
2.644057606030751018e+00
-1.540759449144915028e-01
3.326896820256272647e-01
1.651377251344200214e+00
1.295031757869220090e+00
-2.382556467024664615e-01
-2.262512341919996395e+00
4.670254706458180638e-01
5.221072404626988517e-01
2.299793026903411253e+00
2.871384073421140659e+00
1.004810063736736314e+00
6.157900111929239806e-01
1.415971622120139717e+00
5.366374610805175749e-01
-9.703016973518663324e-01
-3.103315397419187605e+00
1.011187912430868252e+00
6.781675712647945442e-01
8.449311485495965002e-01
2.810597261531190938e+00
-1.654271764263991695e+00
-1.394968383045300797e+00
-5.784235516172022695e-01
3.155236886892750503e-01
7.214190534655364750e-01
-8.006143363843818417e-01
-1.362911707511311965e+00
-1.485524570704429281e-01
8.381935483061728753e-01
-9.145177680743945547e-01
-7.202805197621264810e-02
1.605523254946191081e+00
-1.271444214178286902e+00
1.249675591224335136e+00
1.449742544030268920e+00
-1.186490532272817644e+00
8.090181455846210401e-01
2.186016534745626849e+00
3.816615519138557566e-01
8.339689253462574392e-01
1.149615400255920572e-01
4.108396623673512549e-01
2.596413217548479757e+00
1.123493168249203755e+00
4.242074891910215251e-01
1.875609155436315900e+00
2.235710452625809808e-01
-4.775092863533649812e-01
-5.965022544733028509e-02
-1.343880857914495408e+00
1.227292754803160246e+00
-2.238685002199070073e+00
-5.699507517313978644e-01
2.288342407281475310e+00
-1.163081168083518746e-01
1.331576069126085837e+00
7.176104486865888532e-01
1.216428866876705234e-01
6.490858518744955230e-01
1.380910907255521902e+00
2.005009126631037475e+00
