1.529586877115966193e+00
-1.287725194501708526e+00
2.212245541407463989e+00
-5.576373548230810773e-01
-8.619653949396368642e-01
1.718757666212145097e-02
-8.343918934315097680e-01
-1.505550151446164442e-01
3.318250801594828658e-01
-1.027824023410536469e+00
-6.150813713801925875e-01
-1.005559513763101265e+00
-2.503172298302522303e-01
7.828155137739536418e-01
5.903450677261297130e-01
9.153089588625118456e-01
2.638821471749994707e-01
1.896784259897567715e+00
-4.157750494561247012e-01
7.392471263391583447e-01
3.667693907583550739e-01
2.236226025285604990e+00
-7.124190666975103170e-01
-4.224015674981252966e-01
4.280191516289286735e-01
2.839743854833292058e-01
-1.578524087850156743e+00
1.776992082489065317e-01
3.157704696484397999e-02
-1.440903781129860395e+00
1.846258374911439404e+00
7.102369914743296153e-01
1.962624580586005862e+00
1.607128578606643377e+00
1.981330815438657522e+00
-2.038796718808248698e-01
-7.574565742141503577e-01
6.366764626328843546e-01
4.581430743310448417e-01
3.066476829928964420e+00
-1.535143199177758377e-01
-1.867392020648853457e+00
1.335064684456754414e+00
1.989047196520443705e+00
-4.914427385460651276e-01
-7.894386322955868618e-01
-5.228960261418416078e-01
-5.324555207409877866e-01
1.659392060343635178e+00
1.493576939506719103e+00
1.363503534626455682e+00
-8.291951348406386701e-01
-9.267478285236507851e-01
7.116253202636171338e-01
-5.455354861566659164e-01
-3.864319953696243037e-01
1.036080170111157717e+00
6.847428706795960496e-01
5.613154018904299020e-02
1.933742296022688267e-01
5.317593404405573931e-01
1.355416310801145663e+00
8.135857547082412378e-01
-4.447014136780840232e-01
4.381357276059977268e-01
-1.228236486622999557e+00
-1.716230117660687282e-01
1.474237825396620405e+00
6.374944077285675803e-01
-1.351191045315400352e+00
5.833828927788589080e-01
-6.200584164873303994e-01
-1.078969787431607985e+00
-1.973310219668727772e+00
-1.401299441872130735e+00
-4.672312248176541671e-01
1.048051421994678156e+00
-8.281798415320918982e-01
6.336829118164133412e-01
1.862777422863635957e-01
1.618817534730811136e+00
6.175895250360637911e-01
-1.012045995465280068e+00
6.974256763814418170e-01
-1.860101605310106598e-01
-1.503469304573407328e+00
1.557328341741215816e+00
8.679254109780772941e-01
1.407385698894645931e-01
7.778791160463711662e-01
2.340667331521438521e-01
-7.415499930426319164e-01
-3.344788533302521794e-01
-6.666126306692197190e-01
1.449011070375451071e-01
4.334199789585889695e-01
-1.660956727907562103e+00
7.080706245491867890e-01
6.308507260194967659e-02
7.141368841067852191e-01
-6.161610861698565977e-02
1.841453698387534588e-01
-4.517910669392655731e-01
-3.068598635838964972e-01
1.490199199812467956e+00
5.422528100779060445e-01
3.244308739215183701e-01
-1.533092495263916444e+00
8.483289455913523014e-01
7.736851376535353042e-01
-7.779321494380235791e-01
7.583080836031265148e-01
-4.143382100511845412e-01
7.944526553773733069e-01
2.462729314316457696e+00
-6.294734425786138177e-01
-1.693528622638224235e+00
-3.252336101298839210e+00
3.099085039823360477e-01
-3.196302447132031710e-01
1.049064750445523941e+00
-4.702979480232231113e-01
-1.499023379133191503e+00
-1.592144954586688810e+00
8.535351354078178632e-02
-7.688925640804022965e-01
1.840222058096162017e-01
7.117255258632640413e-02
1.828120786568942613e+00
9.970127204280841982e-01
-9.243031961256289453e-01
-3.012500229166104049e+00
-1.010380174326326042e-01
4.289556506760171528e-01
3.596402048671931001e-02
4.637468418465669484e-01
1.838970972979788288e+00
1.942410579708066798e-01
1.094804847676001947e+00
-1.027367836035171234e+00
3.458730844547444616e-01
9.439752579633968743e-01
-4.089864255461820308e-01
-1.899363704224607263e-01
-1.304945522982391193e+00
-3.154501884961590896e+00
-2.559415292422498212e+00
2.025569602098457267e+00
-3.199949852303527464e-01
-5.771408145034759851e-01
-9.309713867351010474e-01
1.452975978639769128e+00
4.989439086280042512e-01
-8.709898062624714665e-01
-7.889103530008206855e-02
1.152305394234456770e+00
4.303827112995905341e-02
1.840601470588535182e+00
-2.853681009633530774e-01
-2.382899165354168680e+00
5.934873050920350668e-01
3.004246187832534942e-01
-5.256084798601985408e-01
9.462297865270793418e-01
1.596147826481292498e+00
-6.419940252474409803e-02
-2.335316958360739159e-02
-2.904760156843340102e-01
9.840281125543877128e-01
-8.288511841989801843e-01
-4.410027388979862462e-01
2.119058929007631598e+00
6.255591613802893303e-01
-9.252985097201338327e-01
1.017969612506536725e+00
-6.879146814035210777e-01
-1.180817240876422813e+00
7.979145803474512189e-01
-7.964561936581829871e-01
5.903757829249242084e-01
1.068043876190167385e+00
-1.828922374251169547e-01
5.437099711769906030e-01
4.896523910652536560e-01
-3.099773009542495794e-01
5.448988932059961598e-02
1.366303469627883516e+00
6.717275924001039900e-02
-1.320780356734552408e+00
1.075726994342540266e+00
3.277780634250651026e-01
-3.122480318380832509e-01
-2.350883097871481753e-01
1.013791082586274817e+00
1.104796531578791097e+00
-3.090756587212864503e-01
4.340121454975205406e-01
-4.381085815701860620e-01
-8.822076212580559629e-01
-1.146952441064379880e+00
1.620135877046777750e+00
3.549862594285178030e-01
-1.825765216870345098e+00
-2.799030144685699995e+00
-1.389122034781020032e+00
5.373858168453520268e-01
-1.292011960824895445e+00
-2.545710812952899360e-01
-3.316942043492911996e-01
-8.174304163007171109e-01
-1.786469786717785668e+00
2.614175085465681114e+00
8.742205607004783774e-01
6.376555745774088457e-01
3.830373821389893019e-01
1.250367056215109240e+00
9.212816752854974256e-01
2.530389841468083656e-01
-9.500352581993290468e-02
-7.571038803691962915e-01
-2.926302033481525289e+00
-1.018722681015810316e+00
-6.734251321579729499e-01
8.181568240623267041e-01
-4.236611347561479723e-01
1.771490756706523007e+00
-1.105957222811694507e+00
-9.801911818947752764e-01
7.019158337824824567e-01
-5.276479516842502715e-01
8.010049154370340041e-01
1.556511018464560858e-01
1.383252216476980045e-01
-6.429014274032436305e-01
1.102607089060682277e+00
-3.062931218180026671e-01
9.051026605626402155e-01
5.056066533480090275e-01
2.490979638454188461e+00
8.199882310520767437e-01
2.210920969538648251e+00
5.103275638334565933e-02
1.217672831447726978e+00
1.876658291330898898e+00
-8.639372629635798662e-01
-4.073189844193640385e-01
-3.296189287435186688e-01
1.937429486304319104e+00
1.707058810507497304e+00
-1.458527746206295661e-01
-6.383253878235448653e-01
4.080875798348218564e-01
2.839841815445343087e-01
1.121826947124750617e+00
5.834689227496936414e-01
7.738529021809515962e-01
9.190115374137209914e-01
-8.374579499370632396e-01
-7.266450992486421789e-01
2.421588873330295377e-01
-4.807100520798376908e-01
9.906712478293171475e-01
1.934288771676379248e+00
-4.189300277070649448e-01
2.918643985694016507e+00
