-9.734746847906133871e-01
1.747306702522489208e-01
-1.299337215204465212e-01
4.529382454952116110e-01
-3.329652357650612071e-01
2.337865078351954118e+00
-3.081620036662050532e-01
1.146817180020203442e-01
-1.806682874912899806e+00
5.493377395740841607e-01
2.066478064404395076e-01
-2.911260203805876579e-01
1.123289509849961121e+00
2.123704474223213623e+00
1.286283104551715906e-01
4.522189761006688014e-01
1.557001794762013537e-02
-2.338870512073713548e-01
2.045856711910375714e-01
-6.203860359559142390e-01
1.132038199718038651e+00
-9.864861800998575569e-03
1.264628571197810025e+00
-7.341594934503342662e-02
-1.584841357647156723e+00
-4.093335225044905101e+00
-9.149885386224274608e-01
1.203878885401715948e+00
-5.257476211685003786e-01
-8.895276423966538282e-01
4.674981540436129457e-02
-1.361826234689920145e-01
-1.194646077482577784e+00
-5.117096860531706870e-01
-9.209286655090471729e-01
-4.055958332085567442e-01
-1.045968658976882182e+00
-5.656534106332542500e-01
-3.032935375285894519e-01
1.475982947513903465e+00
4.929742102388435382e-02
6.860377051948050031e-01
5.606354284087196049e-01
1.356919045768678611e-01
-2.959404494498308891e-01
8.208308726683297696e-01
5.383126264689681584e-01
6.742169877099435382e-01
-6.564827841424215604e-01
-1.073118500299143241e+00
7.522418268570592037e-01
1.009902599185341643e-01
-4.840131933469647429e-01
2.302298733502288641e+00
-2.333725442942639894e-01
3.613585074855873991e-01
2.388206810155766580e-01
2.047210934675799954e-01
-7.252549991579576583e-01
-9.501525262986242337e-01
-2.007030696933980174e-01
-4.711619116424924925e-01
-1.171785906323219301e-01
-1.402911176330306819e+00
-2.950673459340376059e-01
2.157618678181765504e-01
5.897777550103899813e-03
3.139398247008403087e-01
2.927394156392137958e-01
3.378392948946288499e+00
2.307516402805496747e-01
-4.084758289408459975e-01
-9.352081679720600782e-01
3.071773406999748879e+00
-5.538556724599434933e-01
-5.453498826504701302e-01
-7.652011358113020023e-01
-8.904895790432451608e-02
-5.962778272557851533e-01
-5.578723053292284906e-01
-1.013026660575367721e+00
-3.642110794441215105e-01
2.384860275378444250e-01
-4.899945881059017960e-01
3.913748122356347503e-01
1.763770194123800206e+00
-4.885221516109879425e-01
1.242855260795960731e-01
4.400533889328006598e-01
3.552753629110065869e-01
-1.923803606152729717e-01
2.954701616540564402e+00
-3.970873747685840227e-01
5.585889940056820713e-01
-6.132753754154924852e-01
-6.531075074945935643e-01
9.915434135310668973e-01
-4.982457290476192124e-01
-1.597178823368234357e-01
-4.354451269389388868e-01
-8.918962193325826737e-01
8.250763135326126818e-01
-4.297527740123374684e-03
-8.100352361339461238e-01
-8.366972799205733002e-01
-1.043341869208739503e+00
6.519138331616547433e-01
-1.294579936015707089e+00
-2.726449095998759731e-01
1.537877147065766614e+00
-6.012111766091301490e-01
9.918910157967525398e-01
-1.225757380389891793e+00
1.894640814550776264e+00
1.240840347157263351e-01
-2.606292450798996518e-01
-4.946677910363199704e-01
2.034020611286786462e+00
-8.144253262932810156e-01
-7.610639414832851557e-01
2.512719139908454746e-01
-2.779885140226949214e-01
5.518752598497794759e-01
-9.434102430242333748e-01
1.712528684500388421e-01
2.130475605586919841e+00
-1.777779578832982821e-01
1.185166181128442409e+00
2.387851049228472133e-01
-1.581794225947888433e-01
1.828359534983303725e-01
5.114525861981492616e-01
7.310964309630372249e-01
-2.404264932889798867e-01
-6.815079853326905246e-02
6.670670746722691113e-01
5.564966793380978771e-01
-2.207990573688405622e-01
8.226773492137096078e-01
-1.193195602628456919e+00
9.021897556477911362e-01
-9.438308782205406811e-01
-5.143706399956220476e-01
-8.414408610818361334e-01
4.570674984687911890e-01
-7.490684156730912369e-01
3.791570623352647496e-01
3.954609225360344316e-01
-6.273683127715730112e-01
-2.738720824653817054e+00
5.367680542498231011e-01
-1.368901657410717121e-01
6.211871268407167523e-01
9.766215938461586532e-01
-6.180044663249714132e-01
-1.046405341554993207e+00
-7.611229865601568667e-01
7.074592751702140081e-01
6.539689619431153789e-01
2.129642206412294847e+00
5.565268903518088006e-01
4.969564035118280154e-01
1.521746140700591887e+00
-1.503320404969621604e+00
2.431407977016956656e-01
6.742508486766435327e-01
8.587449478167823447e-01
-7.703790258824050330e-02
-7.779374857745912086e-01
5.509144381666605250e-01
-9.101259099868619362e-01
9.866893280488610030e-01
3.268280155886063576e-01
8.522484142930727424e-01
9.947416962880509805e-01
9.047164646079112194e-01
2.183876085726910166e-02
6.078105950843352284e-02
-6.033649561739529155e-01
-3.313432932190106817e-01
-2.542266989820238354e+00
6.087908442200540282e-01
2.652350656337010282e-01
4.266637820240297141e-01
-2.487442118573001792e+00
-1.295758124420555157e+00
1.007026233280905875e-01
4.074766765621679054e-01
2.087937485597379239e-01
3.452271651632958793e-01
-6.082126481432781340e-01
6.043504517734789028e-01
-1.826808843791875248e+00
-5.676492051720685161e-01
4.262993081547896135e-01
-6.573047893525763019e-01
-8.966246861316362615e-01
-7.934759300542196803e-01
9.237824934985738867e-01
-3.854805152397775547e-01
4.314027702703529532e-01
1.028982751827587361e+00
-4.898838155951890649e-01
-6.959102590902901397e-01
8.328265655775807241e-01
-1.926258570623714750e+00
-7.947536400899934961e-02
1.258185756078993744e+00
-5.898774631610637087e-01
-8.205086324164119205e-01
3.217609516761398281e-01
-5.290789102504704911e-01
3.962752130771104997e-01
6.773131251148513110e-01
7.666881332245037983e-01
6.073070681558623285e-01
7.268308317946547970e-01
3.610530650871810465e+00
8.897422892354417412e-01
4.564425229408591633e+00
7.577619926319599519e-02
6.756239986805792630e-02
9.654362339086747236e-01
7.873990463863010936e-01
-5.417294014249500744e-01
7.041060917257471741e-02
8.444111137814822587e-01
-2.230465651554054962e-01
-7.175214824846080086e-01
-1.448943762789896894e+00
-8.515429274230518208e-01
-6.585043566718833397e-01
1.874231349005700320e+00
3.797125280970189976e-01
1.414539972117603295e-01
7.477481822793776711e-01
-1.194699805784302349e+00
-9.221942979740987978e-02
-1.016110300228696195e+00
-3.336088163679828272e-02
6.374801768290581094e-01
-6.118738531974989847e-01
5.341288756521156422e-01
-4.520455521973186785e-01
-2.809757606316746870e+00
8.360859617113246545e-01
-1.923783017715230198e-03
2.050227383676673565e+00
9.096057451765321433e-01
1.109332808336118470e+00
-1.989418880279358315e-01
8.166898737775305506e-01
-5.751605821914396177e-02
7.998767028581510452e-02
2.473655250818649343e+00
-8.929624579544425123e-01
5.527134957620772893e-01
4.345026299306914974e-01
-7.808035216010311697e-01
5.248332641976174440e-01
-8.739849326286305287e-01
1.902291299688345927e-01
-1.023198895376467021e+00
1.443086574377827613e-02
-2.669609710059717145e-01
