2.184814794842038221e-01
5.614793277600264865e-02
5.069791427629954939e-01
5.834362804185307949e-01
-8.701604544808829722e-01
3.659501734160708342e-02
4.883177159722310590e-01
1.792434765249968642e-01
2.632304413045858937e-01
-6.623005372503436572e-01
5.346124796638977994e-01
2.076060068128190994e-01
5.521390698474728520e-01
8.640133429175299584e-01
-1.524998863262896909e-01
1.439261313984981472e+00
7.678529032320392522e-01
4.344274738529539381e-01
-1.950907816292786201e-01
-1.034001452439014868e+00
3.109481941211283962e-02
-1.663440279921203913e-01
-6.698599963933895562e-01
7.587477024556703586e-01
3.096606325980268970e-01
-9.635776611112065737e-01
4.239800943935743693e-01
-2.710290824984774583e-01
4.926767577841827395e-01
-3.040700675216564952e-02
3.037859787663795275e-01
2.678670764379098568e-01
-2.331436883905674551e-01
2.494771835672929816e-01
-6.136350391160227957e-03
3.501640246876763785e-01
8.471173808300551666e-01
1.759018865080598237e-01
8.756546178982878292e-02
-4.864482544095981575e-01
9.734236516130889694e-02
-2.886768698397585431e-01
2.020141831400626420e-01
6.998750047846707956e-02
-1.911795409275883761e-01
7.753086863468900969e-01
-3.080343750185841611e-01
-5.999824990500187694e-01
-6.110099156951798172e-02
-6.571663581525510889e-02
8.631144306121369958e-01
3.458131640737927004e-01
-3.985056484006865851e-01
-1.907605848272220239e-02
-8.508144892742767196e-01
7.243191324760447358e-01
3.066008631403903117e-01
-6.925852757305077656e-01
8.998316260745364836e-01
4.822893853074588510e-01
8.958203085315010750e-01
-6.720667428393831688e-01
-2.350262524147366250e-01
-7.697414375164390865e-02
-5.439882123701155203e-01
6.136171726778655300e-01
1.210397359345262436e-01
-3.954013714515630662e-01
-2.536280243186828098e+00
1.398485138107492531e-01
7.327031321510277806e-01
-1.682737762804316917e-01
-2.742256739945122535e-01
-8.344804654905950692e-01
-2.448696046578506813e-01
-5.012682127018768252e-01
4.377157193402066160e-02
3.830597951532047629e-01
1.489748361591473058e-01
-4.332791409053161624e-01
1.676678629788621588e-01
1.414909790787882038e+00
-9.017706600176311760e-03
5.819989645286128832e-01
3.884968144929034084e-01
-3.026256458585739884e-01
-5.065678821029623302e-01
-5.797757035639876655e-01
-1.577777270256089936e-01
2.865349435224879837e-01
-6.425968332534293115e-01
-3.785589993871569248e-01
-1.478779842112756260e-01
6.180000477332749931e-01
-1.155967456813076222e-01
2.106001860118879687e+00
7.136979138949139934e-02
-6.368783058052001067e-01
3.109727029377518104e-01
-3.785587476230090065e-02
-1.389644622335589053e-01
7.506733556610682978e-01
-1.271748878235259839e-01
-4.947077051018308746e-01
5.367102695409582402e-01
-5.994422122122941010e-01
-5.120189954427625256e-01
-5.362129845439125297e-01
-5.677733931664790124e-01
6.415198703953520765e-01
-4.612731960270896603e-01
-1.009790636159878741e+00
5.565557873439291869e-01
1.818988874011158718e-01
-3.375445997808423915e-01
-8.480242852340381665e-01
6.318544242519255061e-01
5.358779797963210134e-01
-1.437448411779843616e+00
-2.365940956966364472e-01
3.526806636055537236e-01
-8.593832630914555182e-02
9.364822399902049677e-01
-3.514970401223870278e-01
8.740880044101154156e-02
3.186974113719516222e-01
5.792900257138158260e-01
6.251324368217040517e-01
6.803467455423553023e-01
-5.500836474497780015e-01
-3.076861449069412391e-02
-2.556352141000806655e-01
6.665154026047026559e-02
-1.169923975290091622e+00
-6.809052045172192535e-01
-4.703187785192778358e-01
-5.667291901897014705e-01
6.005387362074452451e-01
1.151354092174520449e+00
3.421883968259409325e-02
-5.924426285945604276e-01
-6.613607231091969130e-01
-6.612950908977202058e-01
-1.628523722668188123e-01
9.974959399176845931e-01
-3.548020302889315358e-01
5.391081915563378235e-01
-4.870887270864258101e-01
2.784973015883924763e-01
-7.421306701534446937e-02
4.535497084994484229e-01
-6.288456137787303835e-01
7.826170933063698598e-01
2.123481170697153475e-01
-5.194192365998867578e-01
-1.467731641838128098e-01
-4.058968736264937927e-01
1.689573606087947821e+00
2.987413921859347621e-01
1.292695391371090130e+00
-1.176423603556086661e+00
-5.298482293297288037e-02
2.573267277886204796e-01
4.645136584312743455e-01
-6.951550272725400825e-01
2.245726994966276147e-01
5.910554003119995459e-01
1.306418688194769251e-01
-5.921972959086398980e-01
2.327782904911905315e-01
1.973202125050637079e-01
1.027862210145442212e+00
5.032638642238640436e-02
-4.244696886668757330e-01
-3.515979528302281554e-01
-2.347980108236441321e+00
6.517232896311089263e-01
6.465519087985855951e-01
-6.753350413437892996e-01
4.033856299226149522e-01
4.412059102793652876e-02
2.804449749589981722e-01
-1.173346179663779854e+00
4.437760086252146019e-02
2.055473179787246085e-01
-1.765893437888016448e-01
-6.338948608618633074e-01
1.339196625535680418e+00
-4.873702946446506479e-02
2.759465532504862262e-01
-1.124450240502471221e+00
-7.494654617056495383e-02
2.780005517554438588e-01
2.175771384759708771e-01
8.377622817468605154e-01
-1.545672436616057244e+00
2.444774198481077521e-01
1.390134659764263869e+00
-4.625319391526434565e-01
3.988063733313431669e-01
-6.957741138487416599e-01
-6.268549042583430042e-01
-2.302958034471780657e-01
1.628064362917383656e+00
-3.878148304397657231e-01
-4.781702991812734060e-01
5.439377609927986690e-01
9.788928708719724092e-02
2.117008951682554097e-01
6.192587249586943843e-01
-8.620016133326573460e-01
-6.236956098616336375e-01
2.888618619780858765e+00
7.514886643430984670e-02
-1.412309704151288869e-01
2.447996735033026727e-01
1.111703353860912236e-01
2.550911544695268152e+00
-1.280962680661409392e-01
-6.323578769114316378e-01
-4.561625805313473947e-01
4.039781872067829682e-01
-9.541021519111676508e-01
-4.932698270437222421e-01
-1.949969331332420119e-01
2.069894958995223411e-01
-9.633438957819501214e-01
3.256399633898803825e-01
-3.834911097329831708e-01
-2.278681440727866880e-01
-2.822444877323744272e-01
5.762200429102293242e-01
-1.004136605128346016e+00
9.420622757091257071e-01
-1.374124606391087244e-01
3.139994390614977426e-01
3.818121886719769154e-01
1.893441539342065827e+00
-1.149752740786966626e-01
-2.639059825109535407e-01
-8.681932301937130836e-01
-7.699014381345941072e-01
6.586240946581862765e-01
-2.864314045989134194e-01
-4.112606004002302695e-01
6.871807409895821506e-01
-2.822957569506668873e-01
-5.175685680338153460e-01
-3.201447060123786825e-02
8.917152742032221635e-01
-2.539395053407947356e-01
1.196406881787040799e+00
3.008173832723287644e-02
-1.187119635766320513e-01
3.305608089611219436e-01
-2.620858364696522225e-01
-4.822284757836154401e-01
-1.020080525565907115e+00
-2.537746606640946534e-01
3.426067596139801275e-01
-7.066413569607088441e-02
-6.005360097379124351e-01
-1.780116062025152990e-01
7.856553885159900386e-02
-3.033612018249554065e-02
