-6.366594191000931602e-01
4.129941032727303951e-01
5.728302833170828556e-01
4.445501285635693467e-01
-4.970159539548554828e-01
-2.896754896936376000e-01
-2.705212018555283038e-01
2.420563707533682773e-01
-1.060263965450942703e-01
6.751240031997017832e-01
-1.059396933289808440e-01
6.796698623572017262e-01
9.918086663538933090e-02
2.055853154085716117e-01
5.113161933720011820e-01
6.773979124906508442e-01
-8.314105515808556390e-02
7.896745441224074513e-01
7.493961598239065047e-01
-5.329973349701271346e-01
-8.348101389857011112e-01
-3.470943847752923084e-01
2.953999773802998274e-02
9.953821413030393694e-01
8.034635847339118842e-01
5.487226506985556918e-02
1.296221540830932994e+00
-7.926402077753945674e-01
-4.733945633502657513e-01
3.251954655005815376e-01
-7.774892000204211007e-01
-3.562695060661870139e-01
2.878488060730904907e-01
-4.698591825678966050e-01
8.676221508444692532e-01
8.205694651995361077e-01
9.935297938258069728e-02
2.481115956731283489e-02
1.503653831477795411e+00
-2.036064677272495960e+00
9.292706276499993479e-01
7.333562763286305408e-01
-7.525296160464467476e-01
2.232145635749236204e-02
5.143144812447064673e-02
-6.735807674896782116e-02
-1.223564569639244565e-01
3.353994992956685350e-01
8.855474972802217515e-01
1.360148953253295101e+00
8.890594676976286692e-01
7.276104005333222657e-01
-4.123065145905201456e-01
4.596010857306076502e-01
2.852481809715210481e-01
3.116068681899688997e+00
-4.789599328890336433e-02
1.493152774636260949e+00
1.106871456794227049e+00
-6.958141042892276307e-01
4.841441054443900160e-01
-4.002814999433158549e-01
1.791864347723646222e-01
1.157251816991060611e-01
-1.457366676856006737e-01
-7.964007244322306445e-01
1.084425678989715397e-01
-1.238917706928160112e-01
-2.382515082431405418e+00
-4.250925058946775081e-02
-1.624497178534754838e+00
3.151198711370302719e-01
1.318484108865687787e+00
-7.729073665719903286e-01
-1.514831748957212731e-01
7.144911632750867714e-01
-4.049581585554427043e-01
-6.207790317127881430e-01
-1.206579111098386559e+00
7.955643563085595948e-01
8.656427688958133748e-01
-3.079449113054628651e-01
5.836596714385426932e-01
-1.140344642440285439e+00
-6.950558306734843095e-01
-4.548643268823227004e-02
7.358116901762068451e-02
7.755961752923168362e-01
-5.279733078294985837e-01
7.946450174986958714e-01
-8.917268030659974976e-01
-4.818698164700887521e-01
6.922900740588939783e-01
9.993800821203666640e-01
-3.742122621729571108e-01
3.896100305831120547e-01
-1.776617386886706118e+00
-2.401027879376292917e-01
-1.527759754272062231e-02
-1.395561199940035246e-01
-1.838184850802023207e-01
6.617026064734636837e-01
7.682944743493784756e-01
7.202316179126291296e-01
-6.302035068003297713e-01
-9.044607563805087125e-01
-1.943160652385042875e+00
-1.838845118014677538e-01
9.248726193791366734e-01
-1.894753857327297619e-01
-1.521052099706612648e-01
5.573883976951117258e-01
7.773375321424076390e-01
2.714914407086869708e-01
-5.045730742036007577e-01
5.535494151517762751e-02
6.444672053588761385e-01
4.238229520954178153e-01
2.909975567192348844e-01
2.750156831940699931e-01
-2.503729348136969346e-01
-2.748444791578101842e-01
-2.492204890844527121e-01
3.937065615468759439e-01
1.787288525480734691e-02
-4.263616949064593653e-01
-2.122137205971052598e+00
2.583620628615074799e-01
1.089437169618974188e-01
-1.450917393826758550e+00
4.578874569658368809e-01
8.660005268005199763e-01
-4.831817267944651384e-01
2.467089799603238709e-01
8.415918877676329402e-01
-3.966257484786888665e-01
-2.074902003560324670e-01
2.683827856481630358e-01
2.554615624910259175e-01
6.540819888908799840e-01
-9.461710907222473099e-02
1.117427699842018507e-01
5.762664345642842800e-01
1.855593331465544837e-01
4.971306804144552949e-01
5.508345412533578456e-01
-1.672467053039467522e-01
2.530357481783371831e-01
9.816523279401114799e-01
7.883706298615977826e-01
-4.598885008046663114e-02
-6.164026685156585028e-01
-8.233003264220978279e-01
-4.290373826526819312e-02
-1.534334971081774412e-01
-2.148967754533529784e-01
-1.873800528359555795e+00
-3.786212333372123151e-01
3.183127016053126646e-01
-4.757347610893638001e-01
5.218953266533251645e-01
-2.048177211481191362e-01
-5.663887372093504569e-01
-5.379679675802495620e-02
1.260505548586721147e-01
-4.075353988354182277e-01
5.289041881575329285e-01
5.177991003447026674e-01
-9.992736142386706710e-01
-1.047179022063968290e+00
4.356486029777282276e-01
1.982034813040807197e-01
1.909741952539166121e+00
1.547972187560762436e-01
-3.266063834510607444e-02
5.825961748886787639e-02
-6.980159413037473337e-02
-9.131099196140143870e-02
-1.123294537998840381e+00
4.408494452428988186e-01
1.015451221410853977e+00
-8.074981250557284884e-01
3.754166930075408803e-01
5.740059826868816328e-01
2.304576605738104522e-01
-2.445565485645414761e+00
3.847345950085552246e-01
-1.200992732823037645e+00
-4.076794437776566360e-01
-4.401888026846879076e-01
9.978801535974424208e-01
-3.358563303291006163e-01
-5.620212326635144473e-01
2.343068160980156467e+00
-8.164419164390706030e-01
-1.254720444999835038e-02
2.224634234417993461e+00
-8.164183337523901463e-01
-1.694947299767499971e-01
3.911926148716247664e-01
7.295055200680304885e-01
1.031040966765776057e+00
-2.805179233288386254e-01
3.416780622688866953e-01
7.864929377855547354e-01
5.463601631189087815e-01
-4.912934534098412076e-02
9.861487951617967651e-01
1.365013538022102901e+00
1.004686941217518337e+00
-1.287898721414470371e+00
2.740467419526778081e-01
8.617030877588807147e-01
9.069252632731696906e-01
4.533892564268522385e-01
-6.017703208961482364e-01
-5.756664497617536291e-02
-2.994601511101196989e-01
-8.010264862378378981e-01
2.709501489658093232e-01
1.894110030448894477e-01
-3.413167602945921253e-01
-1.488805839502940209e-01
1.263263359878876446e-01
4.050722813268797240e-01
1.559841077204631443e-01
1.514349118852103271e-01
9.938435134741194776e-01
-1.724194862778347104e-01
3.228932382433924442e-01
-4.860726331452197568e-01
-4.484725108481676936e-02
3.395903773126580649e-01
7.428582502628724438e-01
4.690491527459024201e-01
-5.754895169140608058e-01
8.633835432774557006e-01
1.289944943648835052e+00
-1.357258614599763380e-01
2.590908258656338115e-02
-1.589348874439183712e-01
-4.224997406328996341e-01
6.014805738384458866e-01
7.125571477808291254e-01
7.304757579147659330e-01
-3.595049883291593362e-01
-2.140014448803417846e-02
2.305300317958054457e-01
-1.426755197161070132e+00
3.678945531042272510e-01
9.019465665054193781e-01
1.074394812498277729e-01
2.182096539593992857e-01
8.765748710625479445e-01
-8.017416937115934283e-01
3.613843316460207955e-02
-1.589751787478234313e+00
5.818031563077996626e-01
5.524264970160361887e-01
-2.598041581516448595e+00
-8.396600334048340830e-01
-1.671600167099293321e-01
2.502048503361997689e-02
-2.672102670626291809e-01
3.002733448975892228e-01
