-5.573292070735664794e-01
4.429477487182662543e-01
-1.820806402734045815e+00
-1.623686681083537975e+00
-2.063938694289741971e-01
-9.197929022840567459e-01
-1.109877413100907484e+00
-1.142617038022932519e-01
1.043007502458896729e+00
1.826265646852496261e-01
6.750040321839922974e-02
-5.068734904287630627e-02
-2.997993150051425637e-02
2.298357216591471741e-01
-2.168063973664602351e-01
-8.971337987320433527e-01
1.536081400678495967e+00
-3.393737566813351814e-01
-1.494612363179360193e+00
1.491606964109851274e+00
-4.671918174968282544e-01
1.052811455157612652e+00
-1.348110354511849351e+00
-1.975282024191711727e+00
-4.317778269718799411e-01
7.252173130904538967e-01
6.954056553234211346e-02
2.067643018225511220e-01
-7.957193269215028231e-01
5.359325211483655593e+00
3.161621619366087876e-01
-2.291935550202817973e-01
1.546708067641062723e-01
-1.068982288717264417e+00
-7.376957178070914223e-01
-2.513516212188589449e+00
4.039322592340411910e-01
-4.817043697529113100e-01
1.246968809769672282e+00
3.787002273424130427e-01
-4.000589295868244299e-01
-4.012518016423327061e-01
-6.547004974649894837e-01
-2.819828768544159203e-01
1.687204274049058039e+00
-1.638317894240630013e+00
-2.263524730545545260e+00
2.011151016173499340e+00
-2.631672024478558525e-01
-5.358148061585772393e-01
1.785924090095872607e+00
9.701409588735409040e-01
-7.421382782782054433e-01
-7.999201112039158179e-01
-6.595029985851490473e-01
1.233324470377120230e+00
-7.582457442925245594e-01
-3.279144958001841692e-01
3.213629076445563282e-01
-2.897222561727843093e+00
-1.267716273391576332e+00
6.422016900118688865e-01
-2.024044988916381405e-01
1.495618628785134741e+00
-1.521705364470911981e+00
-4.422114250756057352e-01
1.295743432999064693e+00
1.162846861280381949e+00
-2.123628354321149825e+00
-6.032385335644973035e-01
-4.088465616716572271e+00
2.425870966793650108e-02
2.865461268029525499e-01
-3.141290707423612383e-01
1.391321831194448078e-01
-1.227964733788575735e+00
-1.557539820352969562e+00
3.805267683745594542e-02
-4.832294810842711064e-01
-4.859695632086504791e-01
1.113072214920948433e+00
1.692216382830008969e+00
-8.103734224964920241e-01
-1.169155738043315129e-01
-1.601898769579206960e-01
-2.055782690571292370e+00
-2.910933297671510767e-01
-8.955246276908965797e-01
7.394576581840435203e-01
-2.353063131641268679e+00
7.913379707044371214e-02
8.108796286397680353e-01
9.504773578536529488e-01
-1.488037544069649609e+00
1.173650872769657072e+00
-2.807059113243855819e+00
-5.423905862875415540e-01
-1.809402561630637951e+00
-4.006649276911767865e-01
-2.861490151806176385e-01
-1.987060144401339157e+00
-2.134989182768360916e-01
1.486876148506706130e-01
-6.429897198205951625e-01
-4.853102080755501424e-01
-2.388104377228270625e-01
-2.978404303168145084e-01
4.384405570581419553e+00
-2.348160649052609461e+00
-2.345815324662779311e+00
-9.910097802392092703e-02
-3.735282025037114373e-01
1.796745362806854152e+00
7.151949509102151215e-02
-9.203107618815078439e-01
2.860111942222990145e+00
1.728704742160936947e-01
2.896246478394579604e-01
-7.002829635465667169e-01
-1.117533848678837094e+00
-2.619599461799937967e-01
6.383079716005432003e-01
-5.027251545335080785e-01
-4.164807183612246888e-01
5.164775777919282662e-01
-7.916383466407367342e-01
-4.093458820683426036e-01
2.930919298597771228e+00
-4.092848175323281490e-01
-5.860813519454065590e-01
-1.232637028738797103e+00
-1.481923816148593476e+00
8.534104928203362084e-01
9.439111521570220376e-02
-4.104538022283406029e-01
1.608237752404160448e+00
-2.251149049190416029e+00
-1.038352764808867512e+00
-1.700366886458515303e+00
2.143270923331848099e+00
4.166055237775567743e-02
2.514306806716741782e-01
-8.688909129003358212e-01
1.701029714086092159e+00
1.322855889048527800e+00
-4.312807742839419589e-01
-6.646540473415821770e-01
7.032187114524964811e-01
-8.207704558115253013e-01
2.870647650072915003e-01
-2.586180972989931881e+00
-1.243920853928874193e+00
-9.293986354867397326e-01
4.807896629042978098e-01
1.034503951507490971e+00
-2.639145950231119642e+00
-2.333772719244219251e-01
7.459152916302015379e-01
-8.409107915127789212e-02
2.416069601547647383e-01
-6.950438458283633159e-01
2.011190930188682877e-02
7.009291334425964415e-01
-1.408695547716553476e+00
9.005378054571595570e-01
-5.133026239752331854e-01
-1.058007421695602801e+00
-4.582101204060611277e-01
-4.088787584316011525e-01
-2.469422151291760237e-01
-4.806648691819621622e-01
-9.844937579966657193e-01
-2.128460519175625620e-01
1.121337768841080967e-01
2.268332924137891338e-01
-2.427296333793942384e-01
-2.090558598799120427e-01
-1.545894354528831727e+00
-1.525203329546878539e+00
-1.476781571291677420e+00
-3.502881891397469083e-01
-2.295747983990308327e-01
-3.056904633325895349e-01
-8.655013077107442943e-01
-6.751577152446288643e-01
1.206772961273202327e+00
-1.784549710780743981e+00
1.398109713044778157e+00
-1.104596934903786742e+00
2.857280018074893624e-01
9.311125683818513576e-02
8.092005391210260745e-01
-9.013638958306612325e-01
5.197771843778742351e-01
-1.894650793388580112e+00
-7.269341563809927909e-01
6.366525081813967368e-01
4.350831286622248162e-01
-1.509988513499533336e-01
7.092718257432304441e-01
2.696834182579813000e+00
4.136000862718836046e-01
-8.185106130340330521e-01
2.818978422592693378e-01
1.040316239364702522e-02
6.598845648408530051e-01
8.103766954875701867e-01
1.319353435985102241e-01
-6.069645734425404004e-01
7.040086283867634798e-01
-4.263819082156606322e-01
-7.392025109926717574e-01
-1.407976049012668485e+00
1.419828083642949323e+00
-2.803872628232268460e-01
6.399659968678306221e-01
2.883733637501850744e-01
1.872666190537425335e-01
1.238368839049910575e+00
6.940505378846656415e-02
7.035778852613250312e-02
-5.596127067627765239e-01
3.055678981171250364e+00
-7.919564733291457603e-01
-1.456606350505258163e-01
1.518540375841531898e+00
-3.309834674646453534e-01
-2.119389962951354622e+00
4.562314007515344549e-01
1.478029503653158550e+00
-1.938011201844697107e-01
1.763745895628335392e+00
-1.269680300912286453e-01
-6.470109750514330127e-01
-2.228452529054486320e+00
1.307312151871947714e-01
-9.242739531090101712e-01
-7.359994333304288316e-01
1.424333087398207187e+00
1.198309436451385768e+00
4.394577806635156514e-01
-2.290620908370867514e+00
-1.019651115247977469e+00
-9.228178733206555684e-01
2.990305946197509890e+00
5.670491053405007920e-01
-2.183473066934532580e-01
-1.181384219688295101e-01
8.473847738750769354e-01
-1.174485431871081120e+00
-7.443117963167671380e-01
6.678075536617935626e-01
-2.072575792818267537e-01
-4.467505808100407094e-01
8.549601287594055243e-01
5.217550733898695253e-02
-2.303173499888708786e+00
1.909967841438064973e-02
-5.492781308190703982e-01
-1.120312510000402995e+00
-6.477197626708379730e-01
9.613605935610238795e-01
8.474758635480396096e-01
4.332210276959865825e-01
-1.857296550636697186e+00
