-2.405345708394782456e+00
-4.661336656913752097e-01
-7.628561055842577598e-01
2.801337085181975439e+00
-1.069109975599594309e+00
-1.248799444990174479e+00
1.420040530821317315e+00
-2.413858580017358424e+00
-5.482642536961369606e-01
2.281224004903110725e+00
-3.846804165067813086e-02
5.177324012165427369e-01
-1.051626990957040819e+00
3.247385324369452819e-01
-6.962593270978499616e-02
2.257743565324678237e+00
1.760452808767520860e+00
2.030320512439319103e+00
-1.139437584359674904e+00
-2.763015043836583029e+00
1.070687840616291187e+00
-1.372387288381912374e+00
-2.320901052125217578e+00
2.416490501517436940e+00
1.585055212218126952e+00
8.742650546031474068e-01
-1.729557001079871981e+00
-9.068309819797673033e-01
4.415339534166347057e-01
3.738138712541009268e-01
-1.473246812730790722e+00
1.087826687969056572e+00
-1.482013037358147267e+00
-1.788033112481999476e+00
-8.753743607615928068e-01
5.281187811982548386e-01
-1.763725904432584812e+00
1.120582084791017952e+00
2.116447783925869519e+00
5.806714357510429636e-01
-1.079932079382136756e+00
-2.427876367719306316e-01
6.982807055430416687e-01
1.870113319498712290e+00
-5.944843427938515390e-01
-1.719149070408511726e+00
-1.364096916206589682e+00
-2.324750286265576116e-01
6.991781542470248967e-01
7.375314649265215516e-01
-7.885683044873068592e-01
-3.852436141773652456e-01
-1.853851475035880547e+00
2.034809842557081083e+00
1.000944103634082150e-01
-3.953431976279581650e-01
-1.628453756668010843e+00
1.609047741006813803e+00
1.774477951216658633e+00
-4.964319831163471058e-02
1.847159278139300698e+00
9.286816240165082226e-01
-4.631455424816366406e-01
-1.731515496271478716e+00
-2.568075378185009638e-01
1.342338712226332165e+00
-2.426911504457289759e+00
-1.277842768443706811e+00
-8.043021291506065040e-01
1.257674657231102167e+00
3.666498285815010250e-01
-3.080143184862755401e+00
9.651492323897812309e-01
-1.107062573674552297e+00
2.288975951090063354e+00
3.107978894571716832e-01
9.505049755513182985e-01
7.732522264863992412e-01
6.541238555722203030e-01
1.803693244790749439e-01
8.967263034613658090e-02
1.172090879452325929e+00
1.484740920575063461e+00
1.342327179160601514e+00
-2.178620947108137196e-01
1.286119384507857122e+00
-5.831892481455059896e-01
4.494905914173976114e-01
-8.963544685062683204e-01
1.644422696405476225e+00
1.321940480178594779e+00
-6.853549113128822035e-02
1.400308222122984114e+00
-1.248464316572598154e+00
2.026692156230621933e+00
2.035923951211589533e-01
-9.269694039046375567e-01
-1.835958744591188241e+00
1.301172420071474267e+00
7.435586332545639499e-01
1.964280906520819103e+00
-1.132215403967451461e+00
-1.328467011748571736e+00
1.672833348993845615e+00
2.352179335695256945e+00
-5.355180723792736242e-01
2.583565192748737083e+00
1.339308007867896055e+00
-1.182440439184115455e+00
-1.427973418010735518e+00
-3.919731892851849864e-01
6.418633530009217880e-01
3.453681177363127741e+00
-3.281253966979879699e+00
1.402352860784656041e+00
2.631989614690100066e-01
1.117322883055676952e+00
-6.166880873523574724e-01
-2.104097981985151300e+00
-7.972002216722233747e-01
-5.507110411796531935e-01
1.421098850711928208e+00
1.835847057241922320e+00
2.369799867830153950e+00
3.368631424139798547e-01
-1.634951981746929572e+00
-2.231793877583411745e-01
3.073379285519903803e-01
1.019585117538381658e+00
9.581201518443503984e-01
1.394892435800592745e+00
5.380140377848321442e-01
5.987767429818480203e-02
-2.511919522256753190e+00
1.000404407828481501e+00
-2.256019172744048173e+00
5.318976546203135758e-01
-1.624330241222937010e+00
-1.239353976946254043e+00
-3.295180813812951248e-01
-9.812788162497109168e-01
-2.261760799798545385e+00
-3.494085566869954418e-01
2.634566880932567856e-01
1.084531016342343834e+00
9.065445532499194492e-01
-2.984577665643050715e+00
-1.691850386807816964e+00
-1.348739206251946765e+00
-1.889611659506794661e+00
-2.285997636594004900e-01
1.344435426597309358e-01
-2.823953509936950823e+00
-9.112827470754083503e-01
-1.949712918271532924e+00
-1.434372416535520056e+00
2.921965374304919205e+00
-1.229238016818384738e+00
4.102450408032113915e-01
8.872909687239395327e-01
-1.665896766369909798e+00
-1.492009644161438331e+00
1.073911764426970450e+00
-3.084092954479787263e+00
-1.533087787478266462e+00
2.991705846068904440e-01
8.070605832477280306e-02
-6.701604674076633295e-01
-8.032727469283635902e-01
-1.842153951240101284e+00
-1.375867068398840765e+00
1.155117714582531985e+00
1.096061295764135357e+00
-5.053440466801136788e-01
2.335625051986555345e+00
3.345181609763118846e+00
1.833609672402305435e-01
-1.888321772231170925e+00
1.783583131196818439e+00
2.303388020802104030e+00
-7.763637381130292781e-01
-1.982152407863094989e+00
-2.644991073378720817e-02
-2.433141723877422447e+00
-1.342564017367045892e+00
-8.322687401192182532e-01
-1.676919779773917485e+00
1.451075488969427951e+00
3.644545665396897172e-01
1.221505613951635150e+00
-4.358122767602354841e-01
8.777431282351855213e-01
1.525633595788040697e+00
-1.456163548723500512e+00
1.341551225502630729e+00
-4.626516707772135306e-01
-9.833211659334811783e-01
1.364543903045002837e+00
1.864810735983676748e+00
-1.707706571983265975e-01
2.727796966589681738e-01
9.761617469023867733e-01
-1.385012836478098475e+00
2.169388532365597033e+00
-2.366181144016300308e+00
2.646359579279282670e-01
-4.325939767016617754e-02
1.583831669924019803e+00
-1.447749857448893396e+00
1.002412416691952135e+00
-1.524876491671333767e+00
-1.130710940279036736e+00
-2.567335817869697223e+00
4.403646730647371443e-01
8.956924706228823752e-01
-9.259267435706824978e-01
1.226452926897161788e+00
-8.347821868730891381e-01
-9.159477669701013847e-01
2.016887137284528037e-02
-4.696789775969852920e-01
9.626021172788100030e-03
-4.635082597594650244e-01
2.762012081563834931e-01
-7.741598972229348785e-01
1.313324933974272746e+00
1.470321337163163378e+00
2.055613185508982088e+00
4.083409415671899190e-01
5.761911809247517446e-01
1.194459090642089771e+00
-2.855997451940014642e+00
7.206364047864100009e-01
-1.647704022223632325e+00
1.066288346942807053e+00
-6.888712327766388643e-01
-1.755670953361342157e+00
1.116482653893985821e+00
7.566278222607062398e-01
1.834565275805768225e+00
8.026834045484348978e-01
9.004191083467096846e-01
-1.784228423866460522e+00
6.448522237622285047e-01
-1.388632591322590759e+00
9.729091951121230375e-01
4.204958013010332563e-01
1.779067256416445364e+00
-5.956913585565185576e-01
1.444979367794251290e+00
5.015209598354473108e-01
5.079269098487468881e-01
-1.294865077017105071e+00
-2.041179233714116581e-01
-5.914603732993484186e-01
-2.909791481060963747e-01
1.330778744311931217e+00
2.265962537625138218e+00
-1.606858355275166961e-01
-2.106128435181013003e+00
-2.421062684630075901e-01
1.850011829266134500e+00
-6.545741549799921621e-01
1.409747783400921550e+00
-1.542669757859671975e+00
