8.552307636975556848e-01
2.667073190214417355e-01
-3.163437727603459759e-01
-1.449897206423597651e-01
-2.742729493922984041e-01
1.245216124435732929e+00
-1.393520310739118084e+00
3.725249217109301014e-01
5.561804584147109765e-01
-3.067164036220114062e-02
-1.153357519436211120e+00
3.006589954513767537e-01
4.389722217154319317e-01
-1.472880319999317011e+00
-2.291370813713853594e-01
-6.381167411962145319e-01
9.648457178876524987e-01
-7.643675748250549074e-01
-1.448428042084795919e+00
2.969310290048162049e+00
3.935323515183187237e-01
1.165756606246309141e-01
-3.499579529160342095e-01
-1.194107912664925220e+00
6.906842143843938686e-02
5.980673440417767495e-01
3.087232933099517268e-02
2.515867945895746693e-01
-6.131394664836886665e-01
-1.628260273755955390e-01
6.579286988497239363e-01
-6.385471041758745692e-01
-3.327161144892493150e-01
-3.568865387738213713e-01
-1.033413545000942679e-01
-7.289358704678134959e-01
-5.967150971889811917e-01
6.284029848347123526e-01
-2.587260370334170667e-01
-9.937542577701067303e-01
-1.092474933991290253e+00
7.470029136293410144e-01
-8.849727193269567582e-01
9.327993558319922496e-01
4.180152555299219697e-01
-6.634162131733474244e-01
7.255625203776387977e-01
-8.120786454503077234e-01
-7.937090157484152364e-01
1.152087359792659527e+00
2.717895711720461627e-01
-3.363326733647534761e-01
-7.838596374390121024e-01
5.117358817550476946e-01
3.435959649590455411e-01
3.088854994477242544e-01
8.891551187620521102e-01
-5.331002259941080013e-01
3.203791839718403978e-01
-2.070942623225950019e+00
-6.792285086357661150e-01
-4.112857447291183299e-01
-4.605304663785702024e-01
7.650232151441936912e-01
-8.420072569301600973e-02
-8.902242863366531811e-01
8.258132415353899303e-01
9.923913882433145206e-01
-9.424603151154434810e-01
6.420985473144480427e-01
1.830952291663360043e+00
-1.949916061356704144e+00
6.030135845283388640e-01
-1.099084009766208569e-01
-1.308995878196630214e+00
5.018115675514700502e-01
-9.396666492889238498e-01
-5.629839572139283543e-01
-2.824901626389745291e-01
9.627058580593131354e-02
5.292831555116986886e-01
5.045726059620669890e-01
-1.116858825628069124e-01
-7.108765496025015729e-01
-7.947002563104998973e-01
5.332238146963035330e-01
-8.854566936195176208e-01
1.506827740633935042e-01
1.564207990474287824e-01
-1.972833079042133342e-01
-5.424009562280630581e-01
1.671176000959598396e+00
-2.102502391110453173e-01
8.682065306699289220e-01
-9.887649412474638355e-01
-1.154540783162447681e-01
9.023542303374602058e-01
5.764226949239570352e-01
2.078975231628900744e+00
-1.433515834532988809e+00
4.325283550590239279e-02
1.046423096866531122e+00
9.008300099525015092e-01
-2.164051026774053810e+00
-6.873869873558319243e-01
9.377734824886100329e-01
-1.211620505911030765e+00
2.453548531744827177e-01
4.530761129083923922e-01
-6.014642897641555574e-01
5.020610670681609211e-03
-3.983942776000595209e-01
-9.915261291526216159e-01
3.962401731908794522e-01
-1.258947739157257217e+00
-8.080659292210417011e-01
-2.049471120068503183e+00
-1.779615850729133530e+00
-4.012739626044929953e-01
-1.535823993934780640e-01
-4.917830521360271878e-01
-2.554604094561968575e-01
-1.034270058561401306e+00
1.388033008901691900e+00
9.667302770366529296e-01
-9.509237800472278984e-03
3.141737293957047150e+00
-1.456492733676676421e-01
-7.796079174020258407e-01
3.538411462170444333e-01
5.207131458469185237e-01
-2.096063841393829286e-01
1.344887949077191447e-01
1.101971216974579615e-01
5.338411048160354166e-01
9.085216102718006725e-01
-1.375052140171161286e-01
1.457063523516518355e+00
-5.382800055396765870e-01
-7.722823655472708104e-01
4.388347856415230619e-01
4.019879390396554064e-01
-2.942918879539898613e-01
1.396553115423157410e+00
1.758820951606479832e-01
-5.759802660978539102e-01
7.238189313520531076e-01
2.455573604065167670e-01
1.245821958001793600e-01
8.948240301303204136e-01
-1.652351001161076749e-01
-7.426303268277872904e-01
-1.733287236410459453e+00
9.449333522462132207e-01
-9.172270245037744685e-01
-4.018767793697988200e-01
-2.553776324768763928e-01
3.921535907988693559e-01
-6.859143756932521985e-01
-9.945937129020467893e-01
6.520438073077219343e-01
-2.410939799446903675e-01
-5.799895245350190631e-01
-8.188861146908920086e-01
1.030213966676665205e+00
2.562951594507263953e-01
1.008240702684570778e+00
-6.412661567173312260e-01
6.094515787395369255e-01
-1.360320985983843323e-01
9.551567613695591819e-01
-1.956153764121543182e-01
-6.003950192307625500e-01
-3.604155934588600951e-01
-1.925673661048299179e+00
2.145227094174811278e+00
-8.335751146494072561e-01
6.862186390257237756e-01
-6.255181391236419586e-01
-2.886300531740434439e-01
1.811977376085228963e-02
7.516783180164671174e-02
6.137612992161236569e-01
1.778264443461616162e+00
-8.814497273007881883e-01
-2.232308274978543894e-01
-1.261310864819207289e+00
-1.792718967807519492e-01
-2.563098282513455395e+00
5.495671429586632822e-02
-1.184013328014140942e+00
-3.545639722578381448e-01
3.740326148338412038e-01
4.796364830600118312e-01
-7.401591129879622200e-01
-5.707830270351382795e-01
7.776986476651559510e-01
-5.371180586051071959e-01
2.046086512405763114e-01
-2.775984478121574783e-01
6.220068824885075509e-01
-4.862680494594889269e-01
-2.437926472135004019e+00
2.071629721848943229e-01
2.424654652001311916e+00
-1.126545580036236283e+00
-5.627166039920017404e-01
1.281198591546978682e-01
4.573824358111994171e-01
7.779868815997574849e-01
-7.562502470971420587e-01
5.522246973987632312e-01
1.442024166479938252e+00
3.364947189248400639e-01
-1.506975531420881309e-01
-5.917706317395807769e-01
4.471047471616783620e-01
1.101015908898788503e-01
-3.441229514290160968e-02
-2.503424665341208666e+00
7.818802200002464842e-01
1.553196654762376561e+00
-1.167530057711207547e+00
4.713916522522236252e-01
-1.246664645723267739e+00
3.368298760354869748e-01
-9.869874147976095413e-01
4.126309605019523596e-01
-1.201259922311906925e-01
-1.336268830248033002e+00
-6.790509712187031699e-01
3.303803638435324208e-01
-2.450774810098755196e+00
2.494886161873475713e-02
1.386765323891768542e+00
-1.121641698644517959e-01
-5.428634344345242280e-01
-6.397653194625479989e-01
-2.263204518767225337e-01
-2.458790940835578476e-01
-4.418845978645509209e-01
5.076542757861379762e-01
7.469589532523217557e-01
-3.046216266159087679e-02
-2.418543380293829148e-01
1.296952059744884256e+00
-6.371167288247141514e-01
-3.322081322531145187e-01
-4.032917365273873123e-01
5.736905387230691045e-02
9.622571989950371441e-01
-2.799827040937599154e-01
-3.864156964022421037e-01
9.782018353525806509e-01
9.951888736626099963e-01
-1.850189548171488063e-01
-3.417746610376242167e-01
-7.845602258076608271e-01
6.316971843775831541e-01
-9.380460196703236386e-01
6.454658793095744418e-01
-1.862197831111291668e+00
9.490315437773613194e-01
3.889487829247473827e-01
7.253578670058018485e-01
