-2.267878694299121090e-01
-1.017795436418914790e+00
3.533677349017338987e-02
-2.381948435848877665e-01
-1.426153360301799733e+00
-9.272989581624510591e-02
1.591617038228710368e-01
-1.026763393497660548e+00
2.063543446991635000e-01
-7.321686876126323185e-01
6.601373291930829890e-01
-2.074259616167023701e+00
-4.869131257068577412e-01
7.874580218408373522e-01
2.741585977949677622e-01
7.429047682747802472e-01
9.499587774113179561e-01
9.634509162875172228e-01
-7.351499680451347718e-01
-3.422548084605522289e-01
-5.988594526497890147e-01
1.286058467056008792e-01
1.302361294001750158e+00
7.886793640344533785e-01
-8.562229377292290833e-01
-7.911709590689173233e-01
-7.224639138962426488e-01
-1.836533698579005114e-01
-5.367228592448505253e-01
-3.074463100488595280e-01
-9.871649522285267375e-01
6.347600187834998575e-01
-5.585683161631858074e-01
7.792816882251910604e-01
-8.610696461019492487e-01
8.513202327515023704e-01
-1.433517801920369469e-02
-2.393138181036114087e-01
-5.296915724762483180e-01
-7.405524507819548630e-01
-4.646610610995473012e-01
-2.133762220774004237e-01
4.495697486203416582e-01
-1.032927973746395445e+00
2.648284292281276597e-01
-2.505957608152945326e+00
2.548327138351761390e-01
4.113501547394204927e-02
1.561983532120439777e-01
3.920742499698638972e-01
-8.456773453806163410e-01
-2.462485802834370130e+00
-1.616841391547187978e+00
-2.460230652344928479e-02
5.692810096316102131e-01
6.058515686558049174e-01
1.658190572511478167e-01
-1.957869534556199387e+00
-8.977879229247598403e-01
-5.884536988687110171e-01
3.336130658593210452e+00
-9.199611607906105215e-01
4.458555912728010551e-01
-5.552102628078281477e-01
-3.025394277440531798e-01
-8.380392809044927560e-01
2.026358337709544877e+00
-3.381939581410057238e-01
3.388672048190923825e-01
7.100564290979962667e-01
-1.286037121980139197e+00
4.105857751641026065e-02
6.655513748698882459e-01
-1.992490736086866221e+00
2.025473627016027844e-01
5.233380326886207662e-02
-1.339662431472008475e+00
-5.460045895604928035e-01
1.809750642453593072e-01
-7.903882641013991739e-01
2.410707675770140668e+00
3.894913440774087077e-01
4.382648698377907270e-01
2.160474632972764653e+00
1.233046035953369257e+00
-5.172487596186799846e-02
-1.422128167579057023e-01
-2.679195181850332341e-01
2.335152989817388669e-01
-1.294899568273236490e+00
1.141044988434794405e+00
-1.968979435528206857e-03
7.037048581442906237e-01
-3.505536355764844458e-01
-2.442672479364932092e-01
-7.878740698795855257e-01
-2.802586412260785753e-01
5.203937449803678339e-01
-7.813084725623254956e-01
-4.616321739428349002e-01
-5.793026364432468656e-01
1.875539072121532314e-01
7.002506943995028266e-01
7.968664158453414581e-01
-7.302309820451307054e-01
6.767770996801769634e-01
5.667281272096005296e-01
8.100555161398289572e-01
2.753730276125671228e+00
3.815767657282059799e-01
9.739388759474412183e-01
-3.705959404731739570e-01
-7.100957905635589817e-01
3.628330091230075327e-01
-7.128947740590410032e-01
-8.065921454086448783e-01
1.875613006288586959e+00
-3.478008178639331316e-01
1.180186962509716331e+00
-1.120634891693848667e+00
-6.555334726429935532e-01
-1.919539157163913545e+00
-6.308233772323468269e-01
3.106350369205967965e-01
2.255382230445847291e+00
-3.489338928789734728e-01
5.101054088719665369e-01
-2.668894099142566922e-01
-7.993770357791616377e-01
4.824580257082419221e-01
7.279126039326659914e-01
-1.378442460170214772e-03
6.205600370459704029e-01
-1.071186836112677093e-01
-1.282243732446973095e+00
-2.710728313729102168e-01
-4.239942889206553822e-01
-2.404784048708329180e+00
-1.935877935827453600e-01
1.608948386518502582e+00
-6.316677473655323283e-01
4.823466944139239154e-01
9.036681359283426085e-01
-9.232503143667704082e-01
1.248394541883734110e+00
-1.305460882066335482e-01
-6.809812582280490023e-01
-1.222812194887632042e+00
1.075997777559842827e+00
-9.356505610591848709e-01
6.449450168245858261e-01
-2.152640461658273385e-01
1.240369255754447675e+00
1.149431766750247164e+00
-9.402501967084708062e-03
4.228176280083652538e-01
-6.244386406930744204e-01
-6.889202924663574423e-01
-9.230686747645276691e-02
-6.749132891269198353e-01
7.662525288161578518e-02
-9.707341952444848987e-01
2.119709874092692570e-01
1.567069576544219522e+00
-2.279810171962256327e+00
2.401744361840883357e+00
6.271783600862441688e-01
3.748640044574902963e-01
-4.719451493274431919e-01
-1.916573258944849423e+00
-9.505440957211056530e-01
-2.327499615777787412e+00
9.086225405315870862e-01
1.879762061056748368e-01
3.285370042960608084e-01
6.580473102642200867e-02
4.891624712796528995e-01
-3.149769003698397185e-01
-5.601212279985454678e-01
-2.564666617199492515e-01
8.963173204187535603e-01
5.934450895673777371e-01
-3.322108776803834457e-02
1.032604847482227139e+00
8.708570375352786552e-01
1.372849117473394109e+00
-4.958779762479320063e-01
-2.515577333773134916e-02
-8.148889987478564745e-01
2.758133248275817725e-02
4.926915438017891447e-01
5.603501873232173691e-02
-6.872664378579736999e-01
-6.826574667687812514e-02
3.458233581497175413e-01
-9.731020480522579730e-01
-2.940327122759636147e-01
2.197432811654146612e+00
-1.719755753334769155e+00
3.223571641092231044e-01
-4.207251489966838676e-02
2.501673076836737231e+00
-1.726519545106353304e+00
3.843091971834879106e-02
6.193024954640478086e-01
3.150025015272760465e-01
-1.627599011422971476e+00
3.596176016116503071e-03
2.588756404441641124e+00
-1.402865338603736856e+00
2.247667451597188670e-01
-1.546545523777568043e+00
-2.274167429489228454e+00
-9.998609697389660989e-01
5.619090294228956672e-01
4.027010687857568438e-01
9.271673084768335960e-01
-9.188394718106637216e-01
-1.996932973231374531e-01
1.509079001856281854e+00
-9.232356482190491320e-01
-3.244932445426780276e-01
-1.484081834132178757e-01
5.920101471850842678e-01
-7.307024329635317672e-01
2.897213027534875085e-01
4.406042267160953929e-01
2.662086785715505055e-01
6.530104177251798703e-01
-5.810388963424486519e-01
-5.120969557022472252e-01
2.443826909663294189e-01
-2.621279829340171785e-01
6.673957666917971210e-01
-5.649275523226582330e-01
2.728582943458912613e-01
1.310066085440553807e-01
-7.943568920849765069e-01
9.046977092549314536e-02
-2.815146602332351325e-02
6.401852574639104176e-01
3.881932050166398973e-01
-3.090425296704184532e-01
3.631300807436576017e-01
-4.358635403591142321e-01
-3.885909257587805143e-02
-7.975107133364898182e-01
3.214286534747771151e-01
7.057689191707905429e-01
-6.487654134246075843e-01
-2.671418249793991451e-02
-8.693299650492969377e-01
-3.240157992326235248e-01
-1.416832046969536130e-01
-1.895751271516854519e-01
-2.674753071543146454e+00
3.675688667395395903e-01
4.285854794303171067e-01
7.948520117516637562e-01
8.840623774770324239e-01
-8.036808373490871293e-01
3.081137501076269825e-01
4.380760342186677814e-02
5.193187455719219248e-01
-1.373159231477206976e+00
