3.798171661064935201e-01
6.589637058255100044e-01
-6.526927823885847468e-01
-1.023610553068790563e-01
-6.031332610947850448e-01
-1.724623845467226357e-01
-1.078897168252682948e-01
-1.963985520881084135e-01
-3.178994627295420039e-01
-6.612204498228225757e-01
4.195511010569165644e-01
2.712223959351565128e-01
5.152498122069990721e-02
-3.360426799266791886e-01
2.365322173348356760e-01
5.886651215582313634e-01
6.280940981687013203e-01
-1.728774459863654300e+00
4.417807872456368246e-02
3.227688736289838906e-02
8.031205540247161601e-01
4.420599697673223138e-01
7.556041789079878113e-01
1.269577498416799788e+00
5.558560570946198265e-01
-3.847927701676625567e-01
4.172283823811502312e-01
3.289283827472810895e-01
1.966401662181097576e-01
1.821066683984070012e-01
-3.043648216090191649e+00
3.219037698869470776e-01
-7.071244201385040729e-01
-8.332732352893786887e-01
-4.249127164891873254e-01
6.534855754135890926e-01
-4.714764553357962407e-01
4.172751702830682641e-01
-6.238915814648157143e-01
3.621493104194614676e-02
2.748122501851947286e-01
-4.720638670943286264e-01
-2.352093388023543397e-01
-4.262906990586368128e-01
5.162697791570686201e-01
9.704363799010702618e-02
-7.786877952668597169e-01
1.832438472278886399e-01
2.097135854858383497e-01
-2.679705329748307552e-01
-1.410829497538914179e+00
-4.801175942736614632e-01
-1.085923446414038374e+00
-9.417367425308575957e-01
4.794126677488020349e-01
-4.766510777526951625e-01
-1.028819385136555020e+00
8.495612548634268180e-01
-4.783181245687477823e-01
4.689563604366741578e-01
2.903737232165647941e-01
-4.791711437893748093e-01
2.770276054407966315e-01
-2.597594445552978693e-01
-6.084395531252140277e-01
3.029383471214252554e-01
-2.670282342782553719e+00
7.112424640706929146e-01
1.859543142901619872e-01
5.964571816076600363e-01
1.418214694705719620e-02
-7.580370904624675887e-01
-1.677720673719965250e+00
2.916841614617217693e-01
-1.666489855801609687e+00
-2.629825976912503194e-01
5.260683117556150812e-01
-8.713315471817421054e-01
1.500685539333147522e-01
-4.613267031437334742e-02
1.296974370268841603e-01
-1.332527239742422598e-01
-4.342261109337138825e-01
2.011859737652959279e-01
1.102779333934412742e+00
-8.484531148147780311e-01
8.353194150579443811e-01
7.310650877220681298e-02
-3.204508076287582163e+00
8.483449339740778417e-01
-6.060828272879841272e-01
-4.712497382465611340e-01
1.599471577725099930e-02
8.595739868382028526e-01
-1.578993868801141509e-02
1.356373384119688774e+00
3.043110036379797489e-01
-2.151512246806679685e-01
-6.206850914746897541e-01
7.062557586392219644e-01
-1.831049225918125689e+00
1.336718311220838951e+00
-3.281540885937601626e-01
1.557856207984923413e-01
-4.280432580922568508e-01
4.338175363886975777e-01
2.050980497836704664e-01
5.783761595954073353e-01
-7.335175522961909778e-01
-1.880451989817772951e+00
8.911569763016957690e-01
4.149468493109945699e-01
1.392764909366179360e+00
2.593578335508871513e-01
5.404414295427730774e-01
7.417814041057428920e-01
2.124790630931484500e-02
-1.433309025712045139e-02
-5.762135320378289904e-01
2.599506212518348097e-05
-5.235768667502455065e-01
3.413665004879007925e-01
1.850421305154725249e-01
-7.802299139244763815e-01
3.623831559053322660e-01
7.528636156927387413e-02
4.381840134122714780e-01
-3.757162087826501073e-01
-2.182258334221019724e-01
-9.282357266495336878e-01
2.220734560015939427e-02
1.756318861161129952e-01
-7.401270198108884646e-01
-8.769126565168547938e-01
-7.655956862033019839e-01
2.354445213572481932e-01
1.258633574567197266e-01
-8.736157038417852183e-01
6.624745672351259884e-01
7.688238541092695666e-01
-7.464297016160537090e-01
7.935670720972999304e-01
-1.562809828396166112e-01
8.672046892289471121e-01
1.088290947985579349e+00
5.975421500841685551e-01
-7.435566359967812344e-01
1.101128906135397101e-01
3.276993416678284365e-01
-5.191167403540802860e-01
6.305426432399053871e-01
4.644637292647194604e-01
-2.710909759812171749e-01
-1.139716327036387894e-01
6.845129513030445700e-01
5.262214411344768861e-01
-8.298012212793579589e-01
5.372337304207148723e-01
1.817797416812027000e-01
-3.302732000622683461e-01
2.481478658189880671e-01
-3.386256730776363577e-01
4.825238992678401173e-01
-6.698919103244780349e-01
-1.067822595367455607e+00
2.170136988613297069e-01
-9.044795511782508513e-01
-4.892869749525512457e-01
-8.655813238860389225e-01
-6.001614727963372475e-02
3.097103514640185407e-01
-3.600156504118706691e-02
3.502018882441674807e-01
-7.631134939432117070e-01
3.976564164505316246e-01
5.617705828517420563e-02
2.507338025913742885e-01
-3.741067239050454019e-01
2.167558811764309645e-01
-2.024065608002508787e-01
-6.871044573953545287e-01
-7.550829088915989029e-02
-5.902398469808896042e-01
-2.059185998187510247e+00
-6.066403426160345003e-01
1.099650733904883881e-01
6.253563500026133870e-02
1.021152773448363194e+00
-1.806297294054921565e-01
-2.520013696793039770e-01
-4.934320713075117659e-01
-2.372365030015542331e+00
-6.935266650617802897e-01
1.481693917320038578e-01
-3.423483967248595050e-01
1.291683368999462303e-02
5.850159733604626267e-01
7.864924957526423510e-01
-3.847588152770317627e-01
-6.916753631780281353e-01
1.667464225609555095e-01
-1.636789924750961411e+00
-4.132030759698379629e-01
-4.153873481188889993e-01
8.840309734068276803e-01
-5.422435537944236827e-01
4.275462083938480484e-01
1.534936587255316676e-01
2.364676095346902179e-02
1.909135650923517447e-01
-9.464240216683024176e-01
-6.698523096129288534e-01
-4.929007569995964566e-01
9.381621361157528316e-01
1.899279273113512412e+00
2.740533763942437639e-02
-3.525723418331415671e-01
6.743376413307056172e-02
-6.416773896399616262e-02
-5.148185423276491202e-01
1.535319357169243892e-01
-3.209285302241014493e-01
-1.613237276948591703e-01
-9.058440218104382158e-01
2.700362250634195660e-01
2.315371262077384751e-01
1.273486643739233926e-01
-6.139273204709214671e-01
-3.320347194586700246e-01
2.570948167392165806e-01
-7.637511102418707010e-01
-5.385836545061495340e-01
-4.900533160586592052e-01
7.018515385865953249e-01
-1.109810683230085526e-01
-1.525544943458101876e+00
5.409734050621837209e-01
9.942538030199049581e-01
4.581257327773973209e-01
4.170727575388099573e-01
-2.727678592960947057e-01
1.612774395464098842e-01
1.946425163893413135e+00
5.121385579714906600e-01
2.089230332933163514e-01
-3.071557769851186448e-01
1.732535772715360356e-01
9.340563533251252659e-01
-5.588635211506333134e-01
7.921652014679733123e-01
-1.342677946727206972e+00
3.968134579490714131e-01
3.492733336031825786e-01
-7.073936737710797562e-01
-7.008950512704041902e-01
7.389796161229392202e-02
-1.755751134372211641e+00
-4.382364533921104255e-02
-3.863691156669158966e-01
-4.879958789595598145e-01
1.411963248261561832e-01
1.227644133557286577e-01
-6.599259747462594694e-01
-7.109193944829136358e-01
4.200970943426359239e-01
