-5.882557853145049531e-01
5.861119293423000531e-01
-1.639733250251479146e-01
-2.357701836701004139e-01
6.278690493597328670e-01
6.176316431010143715e-01
6.584621625108555421e-01
5.874278524142412250e-01
4.856793847427378075e-01
-3.343880844468616331e-02
-4.064844642424568222e-01
1.597733724092179397e+00
-9.115443786632129175e-01
7.316753888081894974e-01
4.059290577772735609e-01
-1.703567607928200278e-01
2.455260138313302698e-01
-1.801841012738820136e-01
3.321412785919765631e-01
1.871301586584976362e-01
8.139385864569910201e-01
-3.858602743533637303e-01
3.519611001417093377e-01
5.302069832661756577e-01
4.360194424329581486e-01
6.128797574451944064e-01
4.630948946946435441e-01
1.947549032494198251e-01
-9.084413202478458516e-02
-2.348337205060471999e-01
6.947864750935995870e-01
4.230147277286105956e-02
2.421281900191035730e-02
7.157492648425549664e-01
4.594476323153470210e-01
1.797553446451063686e-01
-2.825285147725742352e-01
-6.847266661652440245e-01
4.579890079323103991e-01
-4.766425738021901753e-02
4.434950109180308964e-01
8.171238396063637000e-01
2.600741009970992113e-01
-1.934474916211757212e-01
-2.432340224458544586e+00
5.993692845368141509e-01
6.735167013620978471e-01
-6.065898335980862699e-02
-3.380425628218662326e-01
1.575055631092822928e-01
-8.091608385942634651e-01
3.200713337310041595e-01
1.802886488427773160e-01
-3.390187299102829788e-01
7.300245163123172398e-01
4.992171666650772610e-01
-1.566028129834643678e+00
-6.887742306455192365e-01
4.700121284067219074e-01
-8.823637638747405809e-02
4.170128007879744803e-01
-6.590003439868512558e-01
-4.123979128529062232e-01
-1.888934638576152680e-01
-4.416388715549975919e-01
-6.488428410246054323e-01
6.892887953053498107e-01
9.373971364021089769e-01
2.713730609524051540e-01
2.158255277179891851e-01
6.802817589749496907e-01
9.175934706392138152e-01
-1.969674962220403225e-01
-5.004965264832442196e-02
7.617754763717968780e-01
7.352324770959696165e-01
-3.984695671313898124e-01
6.311321106243573675e-01
-6.674275353351917239e-01
3.750348208878792056e-01
4.351367983913634330e-01
1.237130477951395857e-01
8.856782030822453189e-01
5.006097522021665247e-01
6.757204129843156215e-01
5.993287954339054924e-01
8.486147192929900385e-01
7.502025045125233493e-01
3.509265423296257236e-01
9.561488371609228043e-02
3.078484495576991331e-01
-7.717552359387319649e-02
-6.603688482994266029e-02
-1.554173162975291955e-01
3.603998655801569639e-01
3.440731788616785969e-01
-5.305770978023417739e-02
2.258221842111517996e-01
4.672245898159057553e-01
2.441921661895634921e-01
2.387229945495533023e+00
7.544813400463359354e-01
3.944325328321866553e-01
-7.326224993339653935e-01
7.263231197035213693e-01
3.938484751983549192e-01
7.498409533400182125e-01
-1.877076561384332376e-01
8.401003976466512313e-01
-8.442691337829305587e-01
5.709766895822225852e-01
7.587382502604557155e-01
-2.639154137592283900e-01
5.690938650753372130e-01
-1.526475821200657113e-01
8.403748388069567365e-01
2.424009438353764631e-02
1.755035461820342590e-01
6.296014177472922801e-01
6.930124462417619480e-01
-1.680805366921911126e-01
3.323832413124085949e-01
2.294664385166522991e-01
-6.044153056819323577e-01
1.471997407816871134e-02
-3.199208447094939456e-01
-5.731003912787390187e-01
5.952168386693368340e-01
-1.681425594483718922e-01
3.656119001960109194e-01
1.707981535161967601e+00
9.201993449494776378e-01
-4.077280446388331092e-01
-4.552311756323654812e-01
-3.927977472695332040e-01
8.195438384972106860e-01
4.724864175447093806e-01
-9.030850227076656633e-01
3.239580919070715326e-01
-4.434865663970067318e-01
2.381827705098260306e-01
-6.445946188189610737e-03
-7.042284966740805507e-02
6.748357273879854734e-01
-4.019120880951631003e-01
5.835597027797536640e-01
-9.139298572116673069e-01
1.283174973572734912e+00
-7.136425178834703009e-02
8.304893829482506984e-02
8.379743575884814888e-01
7.012264529012093295e-01
1.978669396245104073e-01
7.255518910336061777e-01
-6.857482967138925911e-01
4.028113270829282722e-01
1.446095981496445249e-01
-6.721552850964670478e-01
3.536712034314460906e-01
4.886309405880875367e-01
-1.085091254628383073e-01
1.699065770185748331e-03
-8.253551786926230927e-01
3.433205217547521393e-01
-2.345470905963695785e-01
6.715835716720450765e-01
4.899586847362409903e-01
-6.102033066681933349e-01
-3.237515524584493876e-01
2.083031017310997601e+00
-4.863039746681443315e-02
4.005073235447629276e-01
-9.544591515464735387e-01
-4.885842745721036273e-02
-1.666752206881649823e-01
8.000080452076537840e-01
1.754474204833001538e+00
4.523858223524781508e-01
-6.830754031046630814e-01
1.364888292310352247e-01
1.094840355655582798e+00
5.934445551386628992e-01
1.445257521824442781e+00
-7.812249128629182859e-01
7.948559421003384973e-01
-9.420082381814475214e-01
9.913056977598807551e-01
2.134277502596979570e-01
4.668301408385001072e-01
-6.834631512603126513e-01
1.928854392189521372e+00
-6.280637051829858208e-01
4.767003934503671880e-01
-6.319917885015017278e-01
6.152319415959023319e-01
2.715504858832251234e+00
6.174265304990558256e-01
1.345941902270152840e-02
4.646283031570505040e-01
5.201041524474937089e-02
7.843828745934448010e-01
-3.488834655494828518e-01
4.688272578037420146e-01
8.871076192874610689e-01
7.181765207278031360e-01
-2.719491476561205490e-01
4.052313316431266355e-01
1.749304132644395049e-01
-3.541811981661815434e-01
9.183800487302257176e-01
1.674108808478227683e-01
-4.876443662241455312e-01
-8.366514715901084420e-01
1.426672781494269682e+00
7.757279219680376370e-01
7.990826145327958319e-01
6.727192160453610015e-01
4.214011007758707295e-01
2.164567071609939941e-01
1.351323402859187173e+00
3.472631290796369008e+00
5.471529215172248328e-01
7.478291333681744701e-01
5.803900834840105549e-01
-5.282666850312258688e-01
3.095619454730931253e-01
-6.900272489000036646e-01
-3.407868580084010279e-01
1.939667493073229665e-01
4.493179191599367406e-01
6.462897572062131779e-02
2.057280151323961082e-01
1.229057421715629324e-02
-8.067568106034211928e-01
1.211515733698917741e+00
-8.775043587992004124e-01
-1.120984811305527629e-01
4.307996278316312821e-01
1.030364372521475197e-01
-6.302334822287443128e-01
-7.676149464950024481e-02
3.140668416504406868e-01
8.721409410005955820e-01
-8.684440032956243505e-02
-4.983844187353903554e-01
-1.801072480151210353e+00
9.939454296252675514e-01
4.458175689874958048e-01
1.784076987301070893e-01
8.249855356414808050e-01
1.110033599156981521e-01
4.677551727995616360e-01
1.387125732462288208e-01
4.237712817650213237e-01
3.500961287973504699e-01
8.630954980802221232e-01
9.333637080966413757e-01
-8.137945876071499551e-01
1.528281357386377937e-01
4.656288004464697039e-01
3.637022493025369729e-01
8.470757313183764348e-01
-3.299646669381992581e-01
-7.871201213650096395e-01
-5.215474231950145700e-02
