-7.982595461716260887e-01
4.899343268715601329e-01
1.147790037485887815e+00
-3.723223791213003953e-02
2.601553692241773685e+00
-1.109044448319695397e-01
1.133725585348989290e-01
-9.553091211900426316e-01
-5.014992035421592664e-01
6.854930696041285076e-02
-6.010811631882702066e-01
-9.985370769642915034e-02
9.389440043575250083e-01
1.047319292328077411e+00
2.132887003805407078e-01
-6.290464641357652598e-01
1.888316822888743973e-01
4.206024960051805150e-01
-1.376779570359044857e+00
-9.547791294067355938e-01
3.090993828805320143e-01
-5.984886028178003636e-01
8.273762254614439038e-02
-5.880033441212666467e-01
-9.054636578412496029e-01
1.011918227400697923e+00
-1.678666851388676828e-01
4.763622041055033396e-01
6.227569772199397224e-01
-1.924689175692602949e-01
-2.755783163713782513e-01
9.748735968675932562e-02
6.166494564783953081e-01
-1.008581259195511226e+00
-5.078142728187545751e-01
4.586479387693115362e-01
3.917055829270792988e-01
4.224717556129113927e-01
6.735941710635711122e-01
-2.104482556299948626e-01
1.094745684102355898e-01
-6.151230194316315014e-02
-2.095726806758679839e-01
4.512979331305818631e-01
-1.453297694157514641e+00
-8.646263524275045187e-01
5.279543901191128263e-01
-6.693055028033980669e-01
1.442669374877800337e+00
3.585145758840910767e-03
-6.337444492038660782e-01
4.334852264842675718e-01
-3.894916950844366788e-02
3.308795834908581646e-01
-4.253961404056109119e-01
-1.935179073853799669e-01
-1.212424698815481205e+00
-4.175528969070911867e-01
-9.514282683679151087e-02
-7.338639648051813458e-01
-6.611130245432128572e-01
-5.772100604336949381e-01
4.902871677066487077e-01
7.901538675475132667e-01
3.039195446507760301e-01
-2.638506950058695510e-01
2.421893082899522764e-01
-6.202967044688216802e-01
-3.815060396395399123e-02
-2.251408412896893918e-01
4.204307976633421262e-01
-7.105522603212913180e-02
-3.704168341327118696e-01
4.572024611098080699e-02
-4.557212734534082932e-01
-6.064182307319141430e-01
-3.498488894053586318e-01
8.118218444177312254e-02
-2.864737393630072959e-01
-6.764344812978089205e-01
-2.287644951942993665e-01
-4.527739102969567941e-01
-3.132446248519522580e-01
2.503516388786131142e-01
-4.078005724111689045e-01
2.261921490399496082e-01
1.682287935522391864e-01
-1.591115924227954059e-01
3.950791561622490344e-01
-5.349913723640712382e-01
-3.470241999438739011e-03
-1.345849377884001274e+00
-1.784182216221226192e-01
1.067096096871628375e-01
-8.329711578652345683e-01
1.864516010279631875e+00
4.321017396217808892e-01
-5.998965809043838027e-01
3.744619131224127262e-01
-5.107668087982367711e-01
2.055390597879834524e-01
2.235332333750493783e-01
-6.465696082783449761e-01
-3.480050534573176924e-01
-2.675993064769028318e-01
-3.996510402248787397e-01
-5.142152854188259958e-01
-7.721164305480175960e-01
8.803931726660024770e-02
-3.101433302700250527e-01
1.842238927987725816e+00
-1.351845022408840746e-01
-8.475610113682342794e-02
2.040241691521781586e+00
-5.663591469458573169e-01
1.590729466157470295e-01
-1.149846086163322373e-01
-6.462792763514750849e-01
3.564412060406789706e-01
-2.947099355228477990e-01
1.691592554005944340e-02
8.782199210257155553e-01
6.433513669755552833e-01
2.192185539991459375e+00
-4.541621096197477614e-02
-3.061749144058245609e-01
-4.463001064354694680e-01
-4.399728134605409569e-01
4.071657020459149012e-01
-7.074719008020453614e-01
-4.670584805304726084e-01
-3.444681841107902764e-01
5.763420726641890202e-01
1.388105523552985776e+00
4.896135918956747712e-01
-9.814882176447999040e-02
-8.819923497136944457e-02
1.214850441277449816e-01
3.723232820521221731e-02
2.534313865689490075e-02
9.559102802747774241e-01
4.225973332618448430e-01
1.202908644548886519e-01
4.795742438110511818e-02
-2.866250678964734622e-01
-1.725475540764970228e-01
-1.294874842967500828e-01
-2.080985386029526873e-02
6.998949173571027416e-01
1.842932256628343757e-01
-4.035835954358332200e-01
6.161976174637135983e-01
-5.298833318770543865e-01
-7.153908061362799220e-01
-5.227801619872216587e-01
4.013635710546079594e-01
5.187322661102954369e-01
3.197781054371746645e-01
-7.022093008877321463e-01
-6.963115602281209071e-01
9.592365265032012922e-02
-1.617815279112908011e-01
-1.032381979153913054e+00
1.532526722856717150e-01
4.904113721176301954e-01
-7.910493662089826405e-02
4.315999518651539302e-01
3.385462449006027552e-01
-2.005743796810847621e-02
3.062021830070719708e-01
-3.609617582569497607e-01
-1.448682098690879938e-01
7.302784074085302279e-01
7.826693253335383904e-01
-1.292394345065504824e-01
9.410535848307306772e-02
-9.727264714865231365e-01
-2.223927027673325563e-01
1.833547870716971118e-01
-1.615220455977632308e-01
-9.213687991814206724e-02
3.989043031610610690e-01
5.335787933893555435e-01
2.068954076082508031e+00
2.405991810214583859e-01
-3.975885045754212754e-02
-3.707126859211758996e-01
-1.305897335859551867e-01
7.243336257414276780e-01
-2.391456211785596420e-01
4.580108472507533612e-01
-1.894788341288942135e+00
-3.584738195502237823e-01
-6.524872731168143147e-01
-2.065783256847696925e-01
-2.159420796200519077e-01
-7.257843980975605680e-01
1.211909350619555070e+00
-3.218391975174855757e-01
7.457298095131323912e-01
-4.943940088622970075e-01
1.484252689115199975e-01
1.379216079207943035e-01
-2.129050920407906111e-01
1.503615726024898624e-01
8.217452068185340242e-01
-5.224780976079932415e-01
1.333373349673166730e-01
1.072862326614025363e+00
-4.115574219379632970e-01
-1.125137020987688752e+00
1.517762522130951641e+00
1.521648848412999189e-01
1.301442636372039052e+00
-1.898551261954023739e-01
-1.665738325195680880e-01
8.055717356174463273e-01
-1.061705458103520128e+00
-5.169292932253042316e-01
2.814135493978248692e-01
-3.491795799322310878e-01
-1.884292721727907627e-01
-1.872400102088308815e-01
1.127504140556062850e+00
-1.105708884335408149e+00
1.689989833111780193e-01
-9.566189029344571715e-01
1.024780490454084703e-01
-3.113666394336418453e-01
-3.419889633424774145e-01
-9.381818112487373684e-02
-8.232235617862078136e-01
4.950818115486914639e-01
8.238245650948439192e-01
-2.899758993978553412e-01
1.582646210356434713e+00
-2.675026370515132701e+00
6.469493104439183462e-01
-1.270007831025495026e-01
1.154785404369394364e+00
-2.534592569723340683e-01
2.522435133628050941e-01
-1.533053614399841336e-01
-2.012820786322776501e-01
7.230305995990903289e-01
2.597902471251009038e-01
8.568591235057878563e-01
1.293349444304636373e-02
-1.456295269581039109e-01
-2.045407733736349876e+00
-2.286202017255473118e-02
8.424474628827023359e-01
1.829953381680300695e-01
-6.925020096758109645e-02
1.823228057261946089e-01
-2.656129523516155277e-01
-2.578396799208158563e-01
-4.203525437108613927e-01
4.383918390015310029e-01
4.372800168364747719e-01
8.083146674241725727e-01
-9.218348449912802667e-02
1.012578314443520755e-01
-6.810319071613285535e-02
-7.452443313853800433e-01
