4.612694905904416443e-01
-2.143441384694586838e-01
-4.938957812696247451e-01
-1.781423283636174026e-01
-6.664220336102708586e-01
9.979331036600977978e-01
-4.717311101679030338e-01
-3.669009488953363096e-01
-6.169050057270264453e-01
-3.376964982600347831e-01
9.717325265657558164e-01
-6.296153713275963737e-01
-8.123843364202298911e-02
-2.340131690629616845e-01
-5.783889569916469409e-01
-1.166515987885462374e-01
-1.039228565548729222e+00
-5.675058926928366887e-01
-1.833961177976487722e+00
6.667709741613232488e-01
-3.687245776763060645e-01
-3.211409458733803790e-01
-1.148045772193630576e+00
5.444425184436199050e-01
3.233904440296395677e-01
2.141395696416732441e-01
-2.687820057859648060e+00
-4.140554836478797518e-01
8.634424694279004830e-01
6.643553007413718348e-01
1.128703602912919379e+00
5.634053420323621442e-01
1.513327966034536398e-01
2.769876514892467556e-01
2.916639101541473877e-01
-4.881584875100967724e-01
-7.681830780679688164e-01
-2.059296700570268257e+00
7.942125220695245291e-01
-1.713502081634358798e-01
5.412649387497479869e-02
3.841170924374749662e-02
5.377768475917303892e-01
-9.519819931736998031e-01
-1.414555866606703516e+00
3.175343191236608131e-01
-4.316311087790341006e-01
2.117198606159016727e-01
-1.137664151783515099e+00
-3.476501763852151150e-01
-3.621570315770243909e-01
-4.472074744956640036e-01
6.429288853492923228e-02
4.212029266228836111e-01
-2.388576848284659437e+00
-3.065164712571664674e-01
-1.095114398688030288e+00
5.159725874729726991e-01
-1.883023660076029449e-01
-5.527054689393280373e-01
1.647407480272199631e+00
-9.685723244509784058e-01
-6.733257944689983177e-01
9.962585572426227998e-01
6.371996670475315039e-01
-1.400666503942160079e-01
9.784189122469397204e-02
2.679421046671502937e-01
-9.021241759770044499e-01
-3.717470808492493450e-01
8.090892459964118544e-01
5.495408384099029764e-01
-8.072430852369638643e-01
9.534244132093798452e-02
3.542833531408033920e-01
-8.459587620277366771e-01
5.227878173312572319e-01
-6.485619215772983059e-01
9.579445739520507930e-01
3.158494196791681308e-01
-3.014815337123182282e-01
-5.384732197453967473e-01
4.762008721143892731e-02
2.624674602249918998e-01
-7.375361191308762443e-01
1.225291540536539991e-01
-9.380140483398990980e-01
3.010837640379427915e-01
2.194113297970375631e-01
-6.742433098283344695e-01
3.303645102188204064e-01
-8.494108544740026634e-01
-7.087286303898696627e-01
-6.309607906462481042e-01
-2.859321658420144185e-01
6.171112521634111170e-01
8.398911404041786710e-01
-1.456281951811379649e+00
-2.475419965421876423e-01
-2.562980854199758962e-01
-1.812258042965579907e-01
3.156993660054974171e-01
4.795347349819554239e-01
3.051591057888224379e-01
-9.832063204984281546e-01
8.930579385927243097e-01
-5.400714923674841961e-01
8.429256275031621337e-01
7.415287766708976713e-01
-3.909820738432423504e-01
1.176728235614357271e-01
-5.067512191374745623e-01
-4.092293674736351139e-02
-5.246576325096286020e-01
1.599322914956271824e-01
-8.196268022522645857e-01
-6.659705094000393233e-01
6.512864183577796728e-01
-6.840459740587148119e-01
9.555187896053760621e-01
1.602458736674341466e+00
3.726966767301265193e-02
-1.004861816159897253e-01
7.865371900069566546e-01
-8.271920236983048014e-01
-8.307739795636137625e-01
-3.194138517310068925e-01
3.835821315181284219e-01
-9.934815049209996252e-01
-3.273714575371071411e-02
6.099015257308015858e-01
-4.698222336937300514e-01
-1.819641382017024744e+00
7.573356341881167797e-01
1.531375409126829901e+00
2.709956534464699196e-01
-2.463665071614141722e-01
-1.070697498876351794e+00
-1.072954340520007044e-01
1.104072863623227485e-01
9.896098263538096740e-01
4.003107392067454251e-01
-8.449745679840660051e-01
3.256074022777895038e-01
-3.741129430709425607e-01
1.304301400225478247e-01
-4.505520838195251065e-02
9.709755666425301524e-01
-3.667290386281382014e-02
4.712255060191322675e-01
-3.800341587726865922e-02
1.671008656311649965e-01
-4.909956735043008447e-02
-6.831050233320952181e-01
8.889542538056660614e-02
-1.568874559115844836e-01
3.195700113127079856e-03
6.039549502838412742e-01
-8.477825411285996315e-01
-1.377978496413830856e+00
1.893125401754976178e-02
-3.580143227141475704e-01
3.322038635725912958e-01
-5.043490893979527545e-01
4.078278526512718050e-01
1.170143342641845718e+00
1.601331057447689110e-01
2.050581161695573529e-01
3.370645466958014369e-01
2.575368813695924075e-01
5.695692494200268463e-01
8.812977124229635084e-01
1.503392188482615133e-01
-4.236761281962393433e-01
4.032414004265872376e-01
-7.514373364979083370e-01
-2.975521141284951255e-03
-3.995083217242797469e-01
-1.196830146940914386e+00
-1.283206957868700648e+00
-8.380353200232868449e-01
-2.200768222649723133e-02
9.424046987733997183e-01
2.033110756480998454e-02
6.731811888957609513e-01
-1.324336292832998030e+00
-9.949812492432258404e-01
2.108147054940403831e-01
-9.164223831159883371e-01
4.718688214667471903e-01
-2.271292211968734820e-01
7.105956493142161490e-01
5.638498979952683010e-01
-2.411540177751808622e-02
5.328597225761078082e-01
-8.222759423814159918e-01
-2.411281640933648218e-01
-2.580036775464078502e-01
-4.113301744586456143e-01
-4.956853209531364990e-01
-1.528302519330799192e-01
4.648623648404259789e-01
5.940101428081908663e-01
-9.333211923439113100e-01
8.946301978777627673e-01
-1.902189182633466369e-01
8.454695587741157814e-01
8.960840389256088390e-01
-8.594346864089046356e-01
9.261130872348988241e-01
6.481766105238433440e-01
2.604640747087166863e-01
-3.079365036976851044e-01
8.918239918084647222e-01
-4.904530334558061533e-01
-5.305388252444752650e-01
1.960742452460055296e-01
8.462709807798670658e-01
5.120105546063515867e-01
3.615111399317535446e-01
-9.067244651360540919e-01
3.323798829966130575e-02
-7.287033843394490340e-01
-2.912798334057481453e-01
-2.534992194200619275e-01
1.807051986592717041e-01
-8.792774940721557186e-01
-2.008775901733824143e-01
-5.638884631010175896e-01
-9.126964571149873695e-01
-7.901090447437909559e-01
7.972790905852626953e-01
-8.605224716578434574e-01
-9.399132450210873069e-01
4.949431399380647689e-01
-3.481273270188687263e-01
2.980557553452375386e-01
7.332407014351018937e-01
8.440921812664542445e-01
-5.126687951375588082e-01
-4.685990079500458316e-01
-2.390861251240631091e+00
-3.589206857800771866e-01
-3.776165946880524205e-01
-8.494719743334565587e-01
7.879333570287909705e-01
6.606558184821617608e-02
-8.156115592083408306e-01
-9.611621600884912020e-01
6.791611900998602014e-01
5.974534251441123711e-01
3.400810928125749810e-01
-1.068644207830404147e+00
-6.155921063061515763e-01
5.179642885271154018e-01
6.534405648176816461e-02
-8.539087393358710809e-01
7.324439388919823379e-01
-1.152590184637042547e+00
3.214898052911234760e-01
7.890589461965388240e-01
-6.946214534211384573e-01
6.907512651532008441e-01
6.548937045026903547e-01
-5.283702599211759221e-01
