-5.778101635458670060e-01
1.801715714875020469e+00
-7.275028853183281852e-01
-1.099435388734775643e+00
-1.150428446865278564e+00
2.124160007200579514e+00
-1.852805849710821962e+00
-4.293482928218798067e-01
8.475168067374613257e-01
1.561899326387740095e+00
3.778117976008769752e+00
-6.172434824269529052e+00
5.921774928770987323e+00
-6.428099553721398074e-01
3.332056424161775054e-01
-1.036927125472052236e+00
1.224034676013932454e+00
-3.629032522775331504e+00
-5.298265265970060200e-01
-3.328797871781818962e+00
-2.412705248606812347e+00
5.188771511382241908e-01
-1.265455651370460011e+00
-9.552985161921141444e-01
2.378524755741842078e+00
-9.002720620543362973e-01
-3.138396824893627951e-02
-8.870930918756350092e-01
5.341146924632284687e+00
1.313845057961324780e-01
-1.827762077769379934e+00
-5.797051495077165661e+00
1.396074966039538623e+00
3.589709710991961344e+00
3.773405397658425864e-01
2.341294716292854794e+00
7.343412970995896183e-01
2.697199461855980029e+00
-1.259890887651460734e+00
8.508887106284284130e-01
-1.696615641266744579e+00
1.711097597809135840e-01
8.022551940722862929e-01
-4.175936646921923234e+00
-2.555807102226780536e+00
4.207446851726599768e-02
3.848256729073519011e+00
3.752150224926834809e+00
-1.355713488072503026e+00
3.782442468795665924e+00
-6.209925951685229428e+00
1.246129339240364065e+00
-2.172077314748370291e+00
6.039609438113920703e+00
2.410295468116693929e+00
-1.000382768211847268e-02
1.266024096751451999e+00
2.155518418390819591e+00
-3.328990933265458807e-01
6.377986783913057733e-01
1.522274204805111886e+00
-1.963661288480656131e+00
4.980754510496005594e+00
1.857911591888532055e+00
1.330245322236209393e+00
-2.326697129006071840e+00
4.111389838241041872e+00
-1.681465867080313314e+00
-5.832903628468679713e-01
-1.375362766647240553e+00
2.173726065922504613e+00
-8.739888356519254220e-01
1.041335468609710491e+00
-2.405050652428672997e+00
2.265885230646965454e+00
1.206991362780013732e+00
3.122110083569617611e+00
-6.036322898840386086e-01
-1.524668650972968997e+00
-2.657963559345588145e+00
-1.798999517953601135e+00
4.521048998139566066e+00
-9.722727710479448504e-01
2.625330712129890220e-01
-1.088176272362373354e+00
3.049463510649589981e+00
-3.454174841488288905e-01
-2.159453965400373932e+00
7.018239655605641447e-01
2.734199152580393255e-01
-3.048618822932211536e+00
8.098456308820596306e-01
5.994247843818636401e-01
1.626066421880384194e+00
-3.351023753642973446e+00
5.527960958272979397e-01
2.762836247675549473e+00
-2.561179547441217341e+00
6.576192992886525923e-01
-7.790766393109287424e-01
-6.431086445181527500e-01
-2.587901982235589760e+00
2.229015171782264382e+00
-7.836408402321298761e-01
-2.748580534411018572e+00
1.435211917508687929e+00
3.680028378738476658e+00
-3.954252900660948367e+00
1.107166990587896138e-01
-2.048477155346347445e+00
-1.161487782660521662e+00
4.526543834249864284e-01
1.248706426271467329e+00
-1.370575978807342388e+00
-8.881019512008554440e-01
3.298113769471660572e-01
-5.603025461065922030e+00
3.137333752101555628e+00
3.346186759441499348e+00
-3.136721730215604964e+00
2.970270391281054634e-02
-5.636646568594383400e-01
1.279669583346060069e+00
-2.269510125252186317e+00
-1.536142811855574219e+00
-1.760468083075095835e+00
2.391816200539534254e+00
-3.117702166304773925e+00
2.765747584548522653e+00
-4.547614676844141890e+00
-2.990646346283956092e+00
1.340637990882612707e+00
3.206044330323883917e-01
1.876363910356274367e+00
-4.695663674087292572e-01
4.307680028446668530e+00
4.341256948093722201e+00
3.763694953280438682e-04
-5.033457061401103161e+00
3.321301845101391148e+00
-1.113862441068607545e+00
1.544474715298876477e+00
1.007399141789449226e+00
3.132188194318319407e-02
5.063463126900045186e-01
1.093149113586328269e+00
4.770263457047254185e+00
-8.248146537982755655e-01
-2.523516734411263673e+00
1.429274087087654577e+00
-1.784348953677739491e+00
3.284607583885954973e+00
-2.865852341201692965e+00
-4.203658759965041014e+00
-2.709133700272076339e+00
-1.315506801899191558e+00
-3.164961197881898780e+00
1.436306861648486866e+00
4.731570635807876180e+00
3.846978642218354505e+00
-3.063794144409614173e+00
-4.851055651710453054e-01
5.962880097934404766e+00
2.747828342512343092e+00
5.502611080892982898e-01
3.120214257578256767e+00
3.650648393546329196e+00
1.270141372574944860e+00
-2.460897036192092990e+00
-1.170713727692633821e+00
2.204745255322644870e-01
-2.941374432045104625e-01
-1.906161811888595903e+00
1.142264169384320294e+00
-2.715498850870815328e+00
-1.360475024591840665e+00
-6.786076075453084666e-01
5.943352866050558569e-01
-1.082054401763572260e+00
-1.873806160377229357e+00
-4.078030862073481089e+00
1.766328436438949323e+00
4.341996918710521181e-01
1.931521035099465211e-01
-1.479766779213410377e+00
-3.934300987407010730e+00
2.195177493050187056e+00
4.485086840002499020e-01
-1.666867791499593521e+00
1.723407642505758286e+00
-3.351484905994225105e+00
2.599166718204932280e+00
1.913957834150356030e+00
-2.684021356820609494e+00
-1.894915813708131447e+00
2.288967976977001051e-01
2.956920203049981932e-01
1.834519637860184238e+00
-2.988567463092666188e+00
2.163000728837401798e+00
2.802993904661094771e+00
-2.017530453024839243e+00
3.332086362298268267e-01
-2.542280626029524981e+00
1.572957469329733238e+00
1.322371042492051618e+00
1.722396428709902061e+00
-8.286111570204800492e-01
-1.916286917470371387e+00
9.317459643179897277e-01
2.574081953585736660e+00
1.853859080531145231e+00
-5.499433355462213235e-03
4.085302443131363148e+00
-2.784957525357942831e+00
-8.747100410959864902e-01
6.550540879797858373e+00
2.620866386376563106e+00
5.798547906639177629e-01
3.252830524659231948e+00
-3.421079941271631952e-02
-1.480507722219788880e+00
7.381849483174856452e+00
-1.256861944997663683e-01
1.008021816761042633e+00
-3.475461538120606875e+00
-1.989540663656766073e+00
-4.229822683885325674e+00
6.020376797987945228e-01
-2.042415948582351426e+00
-7.717533694344097528e-02
-1.977159477751608385e+00
-3.476153045148374865e+00
8.747043030110757122e-01
-2.563065065415582322e-01
2.949426233949114184e+00
6.638922953452106590e-01
8.350219273222585503e-01
6.739854295875595369e+00
2.736215692701331026e+00
8.742784445979012720e-01
2.528191129780234192e+00
5.705742085984404355e-01
-4.779851277641483653e-01
1.762198770202696885e+00
9.036057742271108584e-01
-1.497604207057066095e+00
-2.119477068429638233e-01
-3.406129667960952290e+00
-3.374780775080992168e+00
1.216389728022955641e+00
-5.407958603952533139e+00
2.004005719205928848e+00
4.369048988433473113e+00
2.124735317268364287e+00
-4.348177253495075334e+00
9.108114431454198412e-01
2.335617882204851892e+00
1.119913138506843098e-01
-3.403354755816068167e+00
-3.607078939058441236e+00
3.072450515529812076e-02
2.459890119984617485e+00
1.344277996783048268e+00
4.493772131252899982e+00
