-2.818634637062707782e+00
2.520492522411553526e+00
3.112940855678483221e+00
-5.923255632197554910e-01
9.345041306748242960e-01
5.746315781584445226e+00
2.355104416925806632e+00
-1.622872036068561119e+00
1.504850828271206753e+00
-6.643015241121421610e+00
-4.867584099159333988e+00
-5.520194129904911762e-01
-7.376407344854895243e+00
-5.105598429074698963e+00
-8.100021588555530450e-01
3.144614586996259398e+00
6.622998790268153968e+00
4.282069468949846858e+00
6.566670789096799687e+00
-7.589579609736457622e-02
-6.570441172616034997e+00
1.456532302274322399e+00
2.766795223144640214e+00
2.362764334142756883e+00
5.750717799397378371e+00
1.094927418500368788e+00
-4.944053635639009681e-01
6.444913198219525796e+00
-8.069135700363556651e+00
1.954248918243543631e+00
-1.903693381576376797e-02
7.357018299415649665e-01
2.772637324875423026e+00
-3.349628299538360832e+00
1.825373263680306612e+00
-2.117778747303477704e+00
-1.003345258340171409e-01
-9.988842525951122653e-01
1.315008116348727718e+00
1.434820180169417148e-01
5.817319379819419822e+00
1.514249144490645405e+00
2.292618486257868238e+00
-5.450236330190856293e+00
-8.370665459343873405e-01
-5.105487804107082361e+00
1.756615772983455948e+00
8.246857561158686956e-01
4.388064199254456677e-01
8.413386085942685000e+00
8.795502454439814599e+00
4.157095494657806256e+00
7.200241073738687936e-01
-1.101132663445207216e+00
3.063153175442210774e+00
3.255449616005776647e+00
2.263072038435293365e+00
2.554243471226041784e+00
6.868537347506844526e+00
5.980841866129805950e+00
-6.510451754484828157e+00
1.082625660777868815e+00
1.276702978884321216e-01
3.280675170583160494e+00
-9.460202072811121354e-01
-1.569820224558566180e+00
-1.245306372595140987e+00
-2.699578951251957015e+00
2.392632414254407536e+00
4.307435322365901875e+00
1.488191169447821594e+00
6.168472989576291532e+00
-4.120370727154368140e+00
1.577933444949571884e+00
-7.099101506755372881e+00
1.635619737125217465e+00
-3.720930367220613544e+00
5.214733569826517368e+00
-1.339491006235894677e+00
-1.899059661106373920e+00
1.118459914597555116e+00
-7.991714646259160837e+00
-3.155418570544124002e+00
4.471099574257321185e-01
-4.443100102201596791e+00
4.240531561134707417e+00
-3.236062922926715046e+00
1.413818000303189493e+00
3.227379067801118939e+00
2.744241967160157003e+00
-4.741437081551124422e+00
-5.959283144907236540e+00
-2.816804099443622089e+00
-2.483892323827450177e+00
3.610769137392363159e+00
-5.963488932017287247e+00
2.120298458526677532e+00
-3.646980138922635284e+00
-1.216429143643524169e+00
-4.008476721441598833e+00
-1.143909339693749860e+00
-2.008338310889727474e+00
4.994938157944093682e+00
-3.046634513809136635e-01
-1.245949427128822506e+00
9.800163614459851402e-01
-3.605905707612787392e+00
1.006782969613394751e+00
-7.859294127702264987e+00
4.855773373812086291e+00
2.387904851772898684e+00
-8.881845670810992743e-01
4.301078448151558487e-01
8.124100864858851967e-01
-3.292623367641467791e+00
-3.541211072325249010e+00
3.965331539895619262e+00
2.325879213242469934e-01
-3.520623638205475636e+00
9.425151546417904314e+00
-1.568069991521597650e+00
-4.688731365366502146e+00
1.861147168029562704e-01
-4.294481070511134035e+00
-1.796814238628774874e+00
-2.218986230065580934e+00
5.139161935238198420e-02
1.051972906299372124e+00
-3.012060326228241935e-01
-3.367101979588893457e+00
1.708953582532170223e+00
-2.126077433680013229e+00
6.895282726136514384e+00
-6.590991819161455822e+00
-4.194335404649192078e+00
-4.333279626056120160e-01
3.928060484485250026e+00
6.628976895295420668e+00
3.284907889059573538e+00
4.587919169258507068e+00
2.416029451360615088e-01
-1.214296614172377353e+01
2.817786317083662562e-01
9.038016118087091044e+00
1.671821429237625445e+00
-3.845607107534934066e-01
1.575199002961618078e+00
6.644108992701175387e-02
6.891115817049799919e-01
-3.232038756601542939e+00
-1.832060745745491825e+00
8.462355243257668747e-03
-6.006821891090852183e-01
-1.482264984880469427e+00
1.788320637021501458e+00
-7.090671248454473385e+00
-5.394009192094540772e+00
-8.027742008467428914e-01
6.823861943087381476e-01
-1.749621617859803413e-02
4.526630431454646164e+00
7.075401462200999747e-01
2.034224956064917489e+00
-1.039972363325679439e+00
3.131887527684154460e+00
3.530645304093782855e+00
8.809410022938073404e-01
-3.367698408862111581e+00
5.110079454883972083e+00
-3.715197859761650179e+00
-2.222261820136762545e+00
3.202810254661522915e+00
4.516727137489002786e+00
-2.157388763016419020e+00
2.059924942870812625e+00
1.486872076192305769e+00
-2.341811288238879740e+00
2.181466528538899219e+00
1.852641621142199657e+00
2.255236046248948689e+00
2.693539175366634897e+00
-2.956712974258605797e+00
-1.933155914493947636e+00
-6.637548323047807841e+00
-2.864355487978848203e+00
-2.203960164604409577e+00
-2.978141898939400622e+00
-1.834848800793158707e+00
-1.379236755391096692e+00
-5.066764896335157475e-01
1.718334981850459187e+00
-5.421194298942278778e+00
-4.724347292335273174e+00
-5.291134452363720264e+00
-4.190104692860879609e+00
-2.908259073143106388e+00
5.501847712623856523e+00
1.127096449625028418e+00
-4.148792656837916315e-01
-4.741232407867014942e+00
-6.181826772678411963e+00
1.585652856131416932e+00
1.961571396710315995e-01
6.446285786029675613e+00
-2.829526173021659652e+00
-4.413641327244734569e+00
-1.125224508630096487e+00
4.164702644256662034e-01
-1.507592700004036557e+00
-3.484503568060843381e+00
-3.067362942766441947e+00
-1.401966224801463046e+00
5.772940143692967041e+00
-1.942269584350654554e+00
-2.880337450183612980e+00
3.269123445415942797e+00
1.326524398967850127e+00
1.622627624670729851e+00
-2.471973133493252206e+00
8.115250274233147820e-01
-5.090063062356303014e+00
-5.801583466153911184e-01
-2.189910032810281848e+00
-4.515886762953539302e-01
4.320080184374478272e+00
-7.251799487762495389e+00
-3.012395637780372892e-01
2.572909629364527273e+00
6.686879312895187333e+00
-2.253786348795441263e+00
1.894329376721565206e+00
1.889777599922837448e+00
-3.386321522299597486e+00
7.587280101341764560e-02
-1.060360150045783545e+00
-6.199646526866164908e-01
-3.800717024233226660e+00
3.470670166272266322e+00
-7.537385284346905800e-01
5.367399363330427775e+00
2.504878564977341071e+00
-1.085951371473326610e+01
-5.470701187166012502e+00
-3.393147990899933575e+00
3.083746976875205714e+00
-3.685276930742674928e+00
3.942319773668736538e+00
-6.245870149077516587e+00
6.808365413009761724e+00
4.487842903915514547e+00
1.955559605172901616e+00
3.752007869396999151e+00
5.857897629575687048e+00
-1.435422656674326669e-01
1.403374064550916289e-02
-4.984162832234282803e+00
-9.866876203362132003e+00
-1.592614970207204106e+00
3.247778116759045375e+00
-2.565565966885723359e-01
-3.786280974727460169e+00
-1.567030448209965288e+00
2.066664603618947549e+00
-1.348567666181813118e+00
-3.616217346782289788e+00
