2.289410362516634212e+00
-9.763841003183801881e-01
5.448166813411294385e+00
-2.179096351079794047e+00
-1.450726698551242144e+00
2.069762664481156644e+00
1.599481961253178763e+00
-2.527858651703164261e-01
-2.396478479033587572e+00
6.227794526179954993e+00
-1.696308285149426442e+00
6.013738440550472575e+00
-8.988717237231784729e-01
1.646379323975900588e+00
-7.092673362291341377e+00
-1.462489968905806015e-01
-3.871338458199081067e+00
-2.733842518105651376e+00
-2.214800052190617485e+00
-1.894827001722070303e+00
-1.476557529618986120e+00
1.681970062062953630e+00
2.334151882916648546e+00
4.884083983931169826e+00
3.898604238231066610e+00
1.230563096797047340e+00
-6.674336826292769587e+00
-1.229086313622019144e+00
-5.163944913803764081e+00
-1.790222808321931147e+00
1.898054254209295078e+00
-1.734907696465883609e+00
-6.906671111737842317e+00
1.232560180777939607e+00
3.784320819620312193e+00
2.593900531791265784e+00
1.046853902572400852e+00
-9.137867296600460376e-02
-3.826209165333354090e-01
-4.201980506897035283e+00
4.230152911704057495e+00
-2.703448800424456344e+00
1.243009849310019233e+00
3.474245427900518379e+00
-2.573391908482275614e+00
4.574620183564742648e-01
1.081821206690700476e+00
-1.677258390073021577e+00
4.990600503249742026e+00
-4.534230303994426947e+00
2.123838845428562827e+00
-3.926287720189460817e+00
1.468763424800785033e+00
-8.234185401019773753e-02
-2.576830039432817188e+00
8.754408021021433672e-01
3.740543479170764130e+00
-4.674538572176531126e+00
2.682659349533823345e+00
3.586761586472400065e+00
3.224026062162677064e-01
-4.476237851156654735e+00
-4.393520105550516419e+00
-4.028187208922433982e+00
4.677031716276478512e+00
-2.386934730636343538e+00
-1.376621430630720511e+00
-6.353868340621621869e+00
2.766122776229729574e+00
-1.642994187146700202e+00
-2.445001468484354845e+00
-6.725755202415033551e+00
-1.853170804452265674e+00
-9.851271120169931006e-01
2.802625855402014921e+00
-7.756394969696827957e+00
8.341880053915301518e-01
-4.340648998266747327e+00
6.854679020860933392e+00
3.676567095366661597e+00
-2.505798554112578791e-01
-1.284698336274861186e+00
-7.432197264860095132e+00
5.933313451132992355e+00
-5.165449080167058504e+00
4.361045634004774740e+00
-2.735726295592455060e+00
-4.457829588034920576e+00
-2.355357401764104353e+00
4.870958208626027464e+00
1.479279817857523271e+00
4.632024859445852627e+00
-3.466543699640062925e+00
-2.666733149420827065e+00
5.777646458568325372e+00
-3.001291599715025349e+00
-6.520749805338173388e+00
-1.476567265855773137e+00
-1.032008644413333176e+00
-7.110665840879708099e+00
-6.237027723526738399e+00
-6.808823120554156283e+00
2.271353628897721855e+00
3.351269354274269752e+00
-1.490906027618078777e+00
-3.878027537624827659e+00
-6.758604369344166640e-01
-7.670875781242552094e+00
4.914487361027859436e+00
1.235061635848614392e+00
-2.138711195620099925e+00
4.761585658467671678e+00
-5.892576410756030780e-01
-5.080284728849798981e+00
9.464105733995624714e-01
-4.744905904530048346e+00
1.719037747101899605e+00
-3.275362560130703482e+00
-3.697010251181763518e+00
-4.174810498690568750e-01
-2.940826355469853048e+00
3.616461673231701646e+00
3.936196462494045978e+00
-2.990622688281614039e+00
-2.037417048675508546e+00
-4.328712504968097008e+00
-5.288193127772290225e+00
3.570746748162973550e+00
3.519074023154908026e+00
-1.182763752448467764e+00
-6.364366145401906261e-01
-3.026787766311336725e+00
-1.485700896035865748e+00
2.029236657521169107e+00
-3.093727921891738397e+00
5.578089439609549061e+00
9.657179496365433380e-01
-4.479477443195570174e+00
4.053795734600498690e+00
-2.271565055777845288e+00
2.690274517752160754e+00
-1.173229836001786541e+00
4.309980291592466983e+00
-6.636381269776677527e+00
9.948935062586889977e-01
4.318048844281568321e+00
1.298651051895676645e+00
-6.868383576203753726e-01
-4.572980727901372333e+00
3.809867450710207937e+00
2.634108034795759945e+00
3.441866547685473954e+00
5.687735426434927799e-01
-4.058132857413410122e+00
-2.223328622630078577e+00
-3.384861483733455856e+00
8.392213734595793895e+00
-5.239287531316951352e+00
-7.425274116220992315e-01
-1.710193432331464480e+00
7.384552799355847519e+00
-5.876362567262412462e+00
6.986350874207596373e-01
-4.210319641547799918e+00
3.421058631163743424e+00
-3.135983196524195105e+00
-1.863419989073834770e+00
-1.465339667331881701e+00
-4.156192514606408928e+00
8.642435825291842733e+00
4.973761604899130440e+00
3.243177078838322736e+00
-1.262094284606268824e+00
-1.502628610029203671e+00
-3.598799396042540621e+00
4.845805924078256943e-01
2.688563844152490390e+00
-1.495894490642397212e+00
-1.928428359396870961e+00
-8.205635992634607856e-01
-2.578998002706400783e+00
2.180416300143642516e+00
-5.698973342649738427e+00
-1.573698313910768976e+00
7.633155949682011610e+00
2.008050441695265143e+00
-2.045389158756401871e-01
3.723867497046785324e+00
8.911746178775854510e-01
-6.957314050523555338e-01
1.161318109127571319e+01
-5.367093609551140121e-01
8.202719630365188364e-01
-1.545813922352298198e+00
-5.261689418180474753e+00
-3.886841301897393741e+00
-5.217516852142662032e+00
1.465288211203629398e+00
2.254551079188631846e+00
-2.286034032598927013e+00
3.104695166026584019e+00
5.210077199603196263e+00
-1.404609028202504217e-01
-4.388613943674560813e-01
5.560333434990118867e-02
-3.841540807594715723e+00
4.301037057153084264e-01
7.533194934442335899e+00
-6.736975893733465170e+00
-3.966012572593490049e+00
-1.501924505367307372e+00
-1.616442540641892300e+00
5.810313865366257602e+00
5.167040430947144714e+00
-4.347400544553942758e+00
-8.492353321977874625e-01
1.872395742101807148e+00
8.309715301171534563e+00
-1.919885159986404854e+00
-3.164420901293424127e+00
3.699203606498384644e-01
-3.779614846569641085e-01
-1.500946040883487154e+00
7.298368948787947730e+00
9.429087714277198384e-02
-3.199123694415882291e+00
5.887540595619065620e+00
-4.576804864323931632e+00
2.245337813014123718e+00
4.254133360767740513e+00
1.927369843952148498e+00
3.952382901746692490e+00
1.695632683128792451e+00
-2.336057880275157483e+00
-1.243770921468051183e-01
-7.377614510904503931e+00
-1.094893089613002864e-02
-3.613632034430437567e+00
-2.342103166422011995e+00
5.307417320628213808e+00
5.842992230938349074e+00
-3.883973187324709642e+00
-2.674571916387477266e+00
-2.330441947557635451e+00
-5.407401861722752834e+00
4.557557488482657071e+00
-1.426743332143011411e+00
9.622474813699795071e-01
-8.093529807559590727e-01
1.019352690263745975e+00
3.082711735985348867e+00
6.216692875577640720e+00
-6.417804001252125801e+00
1.382678621765332405e+00
4.324548265745379871e-01
-2.593574571954265995e+00
-3.801898330887092836e+00
-1.144512631010524117e+01
3.827265297749673501e-01
2.064349361644201686e+00
-2.350726504186898325e+00
-5.053006173426981995e+00
-2.153430710815670057e+00
-1.317064302527081843e+00
-4.921827230067284731e+00
