-1.099223352895626959e+01
-5.746483840979817792e+00
-4.630816935274371104e-01
3.273577815386594203e+00
-5.964058838246579342e+00
9.332588860191981528e-01
2.704134397855611383e+00
1.368584447745476163e-01
-1.415742169407414153e+00
1.657300438556022826e+00
4.276182199952316410e+00
-8.878894080095771357e-02
-4.423507740783982456e+00
2.687242224096655363e+00
1.862313469289452184e-01
-5.308667477865496309e+00
1.956119896240096079e+00
3.654974286578072551e+00
1.291959191246645489e+00
-2.900142447919979105e+00
-3.755202758798386498e+00
-2.279102176356914811e+00
2.698300681934433065e+00
-2.807781623364127732e+00
-5.650659549178666197e+00
2.094474283758381183e+00
2.134837279011429167e+00
5.168280018732254177e+00
2.529853489492503549e+00
1.293502122041263913e+00
7.469614762904071448e+00
-3.405203723792745496e+00
3.357807972866335700e-01
-2.771006389653706492e+00
5.102608396528625079e-01
-1.549438711184416118e+00
-9.737150607252134105e-01
3.685108930098781599e-01
-1.295628271873356940e+00
4.877499225168658192e+00
2.843717647693647876e+00
8.727266775972123414e-01
-5.936400761930331615e-01
-5.343100306874324801e+00
5.908116123010706211e+00
2.286643697671968845e+00
-2.744532278814578063e+00
2.085980206590164698e+00
3.694729071296800171e+00
-1.746270182805510496e+00
3.181324693990217334e-01
-5.840288875802157165e+00
-6.404392529947741330e+00
2.533618789686807204e+00
2.871129211584562135e+00
-8.196952631509200060e-01
4.891390811137023675e+00
1.543420787836551344e+00
-1.118698378281708594e+00
2.162204688786020235e+00
-5.641382618736081156e+00
6.736590314814357328e+00
-6.524144567480207046e-02
-4.154189621728395565e+00
-5.330835309194140947e+00
4.250104212014329974e+00
-1.708816858731932786e+00
-2.627012159611592956e+00
-7.059489104365467504e+00
-1.580007322401804526e+00
1.280967199941729362e-02
1.771322168954924337e+00
8.283886795969563899e-01
2.758606107407047148e+00
3.831304534488463864e-02
-2.791685880261914221e+00
3.412790001682230567e+00
1.150980518745590986e-01
-9.317113958624213543e-01
3.718513694973668571e-02
3.827952667787846153e+00
2.637939759432783582e+00
-5.752069534854153260e-02
-3.020653144665437217e+00
1.938854392670224636e+00
2.707945819525393816e+00
1.240580198249854327e+01
1.266159353804074073e+00
2.609346754497460452e+00
-7.808246105833354100e-01
4.509557694105174264e+00
-6.063143624143650712e+00
-3.873660365139098283e-01
7.670151827185248905e+00
-1.484882377449767032e+00
3.452051691518562393e+00
-4.862686175666535604e+00
-7.519940470077441930e+00
2.847570725108180545e-01
4.738298514338840084e-02
-6.529374749979808712e+00
5.136636567290469912e+00
1.424779322384331248e+00
7.286913716325690515e+00
1.409863670790716395e+00
6.128087601628010361e+00
8.219412006931556824e-01
3.133593119908934188e+00
1.252243693192022000e+00
-8.033763079511924587e+00
9.689410057054063108e-01
3.430613391170026283e+00
1.985776438356207318e+00
-2.811500832082120205e+00
7.780768161282185513e-01
-6.386557611903049825e-01
-5.855433518129942172e+00
3.271094017782913976e-01
4.662853910150949188e-01
-2.716157524088157471e-01
6.035119801521710237e+00
3.943796518950092533e+00
-7.309162535045636844e-01
-2.381902222889208165e+00
1.173779961170632546e+01
7.116751817475840625e+00
-2.090196467656596280e+00
-1.954698612820817416e-01
-5.721375976471525959e+00
-4.890792304541196955e+00
-2.924508223325080536e+00
-8.563854669760635474e-01
-1.227666882713565499e+00
-3.443581514508980312e+00
-1.403938966682269474e+00
5.889340948073479964e+00
2.060755337902550721e+00
2.072097561891739659e+00
-1.068544316531645277e+00
1.262168750718643118e+01
4.614403868959533916e+00
-4.856125942037323284e+00
4.567558242394517798e+00
4.479238193569997861e+00
-1.107498283365782932e+00
-5.863874856677918856e+00
-4.815373391640049405e+00
-3.475889361568424984e-01
1.398384973587407210e+00
5.559639813577959444e+00
-9.586017474475213573e-01
5.439438389174580113e-01
-5.878626942829359159e+00
3.769999997417186499e+00
6.349980435637527787e-01
-6.527535511350718522e+00
-1.992070653388030022e-01
2.165249368396250929e-01
-2.923780650084138344e+00
-1.461950851674426698e-02
-4.551383968399687063e+00
2.493403969788207664e-01
1.398643669482040774e+00
-3.935052493623868441e-01
9.867474598862548962e-01
-5.694040956023998845e+00
-2.483809121614195092e+00
-4.202958664850772186e-01
4.511459180807238845e+00
4.031343508190374791e+00
-2.075001210909965366e+00
2.437960403827836853e+00
2.546826246964669416e+00
3.974879288987250625e+00
1.904501251132633577e+00
-2.430494704130889971e-01
1.264215473958411717e+00
5.440020446696305356e+00
9.670734110453260257e+00
4.722328738404652171e+00
-4.888141967900434537e+00
3.401809691339142683e-01
-2.436158512111772367e+00
-1.133307500731779882e+00
-2.872740759750077366e+00
4.151581250691708247e-01
1.678590922976466615e+00
-6.062298144436891079e+00
-6.158518485443408963e+00
8.822970682765113537e+00
-2.390101943296020437e+00
4.807351945664239401e-01
-1.055225733101603725e+00
4.749984431595539291e+00
-3.416817559578539054e+00
6.512063534730529568e+00
-2.244045621889654840e-01
-2.723071326575651430e+00
4.240076304437326193e+00
-3.580053130151166663e+00
5.797214461531825513e+00
-2.913029769196752161e-01
-3.274609400154453454e+00
-8.191943793043398259e+00
-2.517788208200559374e+00
2.367784398973916460e+00
-2.963712319102438375e+00
1.445548303378536126e+00
-3.924755651395120726e+00
2.570798508713689756e+00
-5.620774353046684269e+00
-5.217641797540430559e+00
-1.777656253943876941e+00
1.738654187238572124e+00
2.059369614279717986e+00
2.146762236815090485e+00
4.471052117746495469e+00
-5.741921767388898923e-01
-2.883969674719686793e+00
-7.900642274005976518e+00
-6.915828809647555531e+00
4.864491858956972337e+00
2.661695233446657483e+00
7.773694232853690878e+00
-5.466598336977567030e+00
-1.062643994373943102e+01
5.769484549856451316e+00
-2.511609161435657267e-01
5.032345598126088504e+00
-8.548299974676411006e-01
-4.205881828810245082e+00
-2.416499500120094623e+00
2.283656379037301676e+00
6.611229235310290164e+00
-2.231651788175118778e+00
2.781816438797140911e+00
3.856517505220059761e+00
-3.421074765406133533e-01
-7.568864943152642244e-01
5.237023672882365588e+00
2.082173833933130602e+00
2.166991528160457037e+00
5.048894360558843886e+00
2.221557724806081602e+00
5.247657402740331101e+00
1.051995397668482379e+00
1.552416714484055937e+00
1.115367985911640991e+00
3.505141842137565966e+00
-3.521434173241692722e+00
-5.227948844823703922e+00
-7.877636140217229688e+00
-1.993874775308590142e+00
3.732013991920557494e+00
-1.726934979043684759e+00
7.724877953378242346e+00
1.319103571022722798e-02
-1.470772135057435204e+00
-3.999775619864077036e+00
-2.303508755990784529e+00
-3.923590989718378275e+00
5.598709500278324924e+00
-2.373809477415110614e+00
-3.033148605591054370e+00
8.125400755747268500e-01
