2.546043877576767422e-01
8.514817860034036290e-01
3.079782446705907617e+00
4.208585042010687394e-01
-2.608057122530612393e+00
-5.105525967010028365e-01
1.498362960153094781e+00
-3.710718015213553933e+00
-4.087278762046766545e-01
1.401876914053686640e+00
1.746494925102340390e-01
3.048982820435339747e+00
3.780673344718166629e+00
8.571729199397074561e-01
-1.666604750726120576e-01
-2.090008481461808731e+00
-2.158469486305010676e+00
-1.428570761658411570e+00
2.706216402234953855e-01
-2.996155147299715438e+00
-5.434898267205264810e-01
1.378796562811287707e+00
-4.274291304811232095e+00
-7.129716010385966918e-02
2.432668016927126697e-01
-3.247391188143338603e+00
-3.075527605051726177e+00
5.822208721814952526e+00
3.952615401889809199e+00
1.311564392579887883e+00
7.522438394713418575e+00
3.923999888220742527e+00
1.513420652185238247e+00
6.065687630239733480e-02
3.297284303416868845e+00
-4.272534740163495215e+00
-2.638912169985659695e+00
-4.734369061378014720e+00
1.729872796857468309e+00
-4.049174360129714323e+00
3.288569633828770655e+00
-1.451821863339277208e+00
2.011705228036603899e+00
-1.663443414396107989e-01
-4.893048126975589884e-01
5.839158638670018941e-01
4.487859115708860536e+00
1.385898996653627702e+00
-5.560315933535273203e+00
1.434193645037762713e-02
4.839266538850247379e+00
4.645160029269808533e+00
1.541022906354421629e+00
1.565618208336893025e-01
1.212039160901347418e-01
2.336833527630653329e+00
-3.105115837351179131e+00
-4.284701536263908039e+00
6.761760215130196983e-01
-3.836526285748803833e+00
-3.659923793278991422e+00
9.967951279932657505e-02
3.663709291046622685e+00
3.604488473590953923e+00
5.294246554521192527e-01
5.778090906770518842e-01
-3.587598032926457847e+00
-1.004070937358336302e+00
1.156644491438589384e+00
-4.700369956256089110e-01
-3.913679289527666194e-01
-3.007939486220137404e+00
5.333213941434161720e-01
-1.374326907640186723e+00
8.835075489542045801e-01
-2.645411763010999451e+00
-2.946132599350189007e+00
-1.066678960808639332e+00
-2.725070983132436453e+00
2.009573176135904582e+00
-1.961900776758195519e+00
5.012604110927039613e+00
3.569085279752554296e+00
-3.174113674646672933e+00
-1.978163392156863321e+00
5.376396835219735548e-01
-1.675480667847719429e+00
4.832252091831648610e-02
-1.348765170780419576e+00
-4.900360371015731187e-01
1.246633668662369576e+00
7.977573517315912355e-01
1.525692778913759318e+00
-1.893877698047943925e+00
2.773759434849014660e+00
-9.994703386228627473e-02
2.900382215933135832e+00
1.717515185248277287e+00
3.217353670649699460e+00
-7.471401059587592375e-01
3.251353620749896756e+00
1.571637978100507649e+00
3.404099190129972197e+00
-2.067713898474820233e+00
-1.093834482385181328e+00
-1.480664572808459756e+00
-1.930153103650278812e+00
-1.365193683420420356e+00
-1.712446778851641094e+00
2.966740524452712968e+00
1.144582699649202784e+00
-7.988576112986924826e-01
-9.817278931371845596e-01
2.309931208399264246e+00
-8.422906630632218672e-01
4.797043527921791839e-02
2.800650268852805658e-01
1.962793927779499015e+00
-9.546737259998067104e-02
-4.626504495477691492e+00
-8.898156210868741756e-01
6.021861102994177095e-01
-2.689812238796947863e+00
-8.368580868905921566e-01
2.899255442972053398e+00
5.023082564040581843e-01
1.344053282877098354e+00
6.900614581544392556e-02
1.711716453152189121e+00
3.439703141321496016e+00
-1.560139497258799635e+00
1.454332971408275110e+00
9.097313156241269017e-01
3.157038831279086466e+00
-1.441696529927466219e+00
-1.832519101633644176e+00
5.474483285429044166e+00
-1.807051484532706587e+00
-2.455451037016947780e+00
2.639220554741438018e+00
-2.643894398864372164e+00
1.370745052441863621e+00
1.680088436540922991e+00
2.941686229008113163e+00
-6.901962337011616766e-01
3.390591606157884463e+00
4.518055358738360283e+00
-9.740949057029145708e-01
2.043413970562045101e+00
-2.853066594268434120e-01
-4.898670905006164561e-02
-1.813478836218522572e+00
9.110974272225619286e-02
-2.071075279584559059e+00
-1.069991360047504392e+00
-6.774626584929985817e+00
1.939897703399060536e-01
2.834443390897900095e+00
-2.265030860132134283e+00
-2.654109202864443282e-02
1.243734487550118173e+00
-1.660432521539002337e+00
3.347223911753805847e+00
1.292243488496920500e+00
-2.635782834425060006e+00
-5.734685992155328371e+00
3.999194901744466346e+00
-3.954375636753465706e+00
-1.375187150764713095e+00
-2.724418770555367408e-01
9.662079312356207650e-01
7.887542407397361011e-01
2.569283494359874354e+00
-3.526638781123296873e+00
3.616409430368812572e+00
6.115810834391629314e+00
5.256076525569655100e-01
2.475412282596531899e-01
8.849721727453013775e-01
-5.007808344299227721e-02
-1.668558793045024968e+00
-2.523501818523150586e-01
1.666114955032955480e+00
6.218669397663640908e-01
3.904425418726614971e+00
-7.649244052487149670e-01
-6.769816334300948757e-01
-1.899439618054459267e+00
9.046897037087111570e-01
-1.231601685983064076e+00
-1.148288034409291170e+00
3.188942180801732196e+00
1.249867195186562530e+00
-2.924110253486219335e+00
-7.360896463410397939e-01
4.770090441375043899e-01
-2.192313871620791055e+00
-3.053372119631643677e+00
4.977152806109545580e+00
-2.067395815814155213e+00
1.069028948620717845e+00
-2.447502679505303647e+00
-2.172969637008585586e+00
1.606136896130250236e+00
3.827411335022251837e+00
3.517530165067043413e+00
1.643645621708854088e-01
-2.163666525573857136e-01
-7.080385414093207097e-02
2.522702867408157079e+00
2.501604779239078979e+00
-9.855034835515927849e-01
1.426711815330839350e+00
1.297412156820840101e+00
-1.895734859299113229e+00
1.751382607044208672e+00
-3.210702600888638569e-01
1.441513201709779146e+00
-2.857685642539951942e+00
-3.109359690211925376e+00
-1.958452264800675913e+00
-1.479096863053792621e+00
-3.167243450666185289e+00
9.606424335479211152e-01
9.252934744060440364e-01
-8.302004492496906085e-01
-1.081452111188737852e+00
1.783995565422384910e+00
3.529945886401821831e+00
6.038692621588721554e-01
5.470467351702199554e-01
2.205918849441768970e+00
1.935676154334048604e+00
-9.472296813462801612e-01
-2.744800584856930570e+00
-2.284634367114595221e+00
1.596640420429744633e+00
-2.334134365230490005e+00
3.042108293939234098e+00
-2.016742155223885113e-01
1.924067340745007293e+00
-4.580432300951164493e+00
2.440591638652384709e+00
-9.886240266058765602e-01
4.414276401211564504e+00
-1.120729299750949259e+00
2.785370365083672084e+00
-4.295553395149814824e-01
5.235674182234285823e+00
4.792010948504732415e-01
-1.059015244134178690e+00
3.655989826413500454e-01
2.680995169151723090e+00
3.415597809310055299e-01
1.700318412946426605e+00
4.113039172557685919e-01
-1.814204482394902396e+00
2.068698038507653436e+00
1.125461187476276770e+00
5.004316991687707272e-01
-6.208320753012774862e-02
1.072588414073561980e+00
-1.972333055430039561e+00
-3.226941630841706043e+00
7.561498012629042087e-02
