1.092400235489127702e+01
-1.118766490421016391e+00
-1.451718000653103857e+00
-3.635430017177031736e+00
-4.597937232716104994e+00
3.667782681360768127e+00
-5.341103234106725495e+00
-5.308063773435372390e+00
8.206879741251361438e+00
2.063013814368068188e-01
-5.881305910035930395e+00
-1.962473866646488485e+00
1.711028011311201746e+00
-2.547492292019623239e+00
-5.802596107028227479e+00
9.206441268821002888e-02
-8.608681355529361756e-01
-5.819438636891749006e+00
1.527289207769097823e+00
-4.236563791499373122e-01
9.786280581438099091e+00
5.450464186692641988e+00
-6.254510253836228273e+00
-1.839505262072564706e+00
-3.769061544272013009e+00
-3.413090707199537555e+00
-7.502343521192228692e+00
-6.579423251572926290e+00
-6.112115849898784425e+00
2.707073174373713975e+00
-5.068763251474714404e-02
-2.459672351351235853e-01
-7.683055893983061768e-01
2.077047224639481104e+00
-1.072362572770192557e+01
4.703574429722481298e+00
-3.164757201365439587e-01
7.737256264299110953e+00
3.428139548396708647e-01
-8.938117256299481284e+00
-3.647976687762894521e+00
-1.012573025645297164e+00
-2.141518344584672384e+00
1.966206364825801689e+00
4.075404434241109541e+00
-3.382831278030535849e+00
5.212336156249590680e-01
4.581968550520294947e+00
-1.160136026607216930e+00
-1.021625874101970366e+00
-3.746011738586014772e+00
2.830640046706392354e+00
-9.381723967610504644e-01
-3.814267762920823479e+00
-4.511888610076870698e+00
5.167161161377433309e+00
5.428219605398918901e+00
-1.025790224340206613e+00
-1.431725581475194575e+00
1.463461401645433035e+00
1.752176813170013059e+00
2.124920639662337685e+00
-4.002896603331653758e+00
4.407341443997770725e+00
1.140998395274732014e+00
-1.167478335442103221e+00
-2.631070116561184946e+00
3.524841277968710607e+00
-2.220094382536485611e+00
-1.321399606329386911e+00
1.424993052740427091e+00
-1.916298126694334636e+00
-2.257934130774703174e+00
3.230372590368436381e+00
6.322591568400167006e+00
8.681096490521043041e-01
2.542156329510287804e+00
-5.967700226471972513e+00
-8.306930645334368535e+00
3.987202499644346254e+00
-1.043477044196468384e+01
9.075620802476279891e+00
2.972673746963439001e-02
9.453857594474266435e+00
-2.945323983546431101e+00
2.593967430147423148e+00
1.412164845530998303e+00
-2.264367446717764132e+00
-1.207350780544257240e+01
-3.866923805367714628e+00
-1.134951086990555469e+00
-5.444475422232186723e+00
2.379840200275191719e-01
7.786062971104049879e+00
7.489061760543459734e+00
5.096621984986295928e+00
-7.308452046188893547e+00
-6.832861459237792090e+00
-3.962043796529401085e+00
-6.957164949685102684e+00
-1.883885941364440653e+00
1.313144110109851548e+00
-7.521801884824048656e+00
7.103571674089943500e+00
-6.976318088088946823e+00
3.324381825771601573e+00
-5.589725797133045404e+00
-3.444543876358681977e+00
-7.011748949066403114e+00
1.314203063356776724e+00
9.666968447949386700e+00
2.072194481026942814e+00
-1.409274794109581119e+00
-5.882804175332340790e+00
-4.063203390074489718e+00
-5.843281414288814091e+00
-4.513363502481706035e+00
-4.031154233291533551e+00
-5.534020172235477375e+00
-2.597760946836071838e+00
-1.991743400622238536e+00
-6.321409363681718574e+00
1.333343510092105966e+01
-4.164991382699188449e+00
1.326853544815255859e+00
-1.413850229618200727e+00
2.098848796336061362e+00
-5.243433761167176854e+00
8.760034899970683853e+00
-4.456683116942643963e+00
-1.653193566897231959e-01
1.700340963843804731e+00
2.519468857717494625e+00
-3.964408348812177296e-01
-5.566696298708574409e-01
6.389675928300543539e+00
2.722378266823014314e+00
2.229426557937307596e+00
3.440166158003895025e-01
-5.081338421083871459e+00
-3.425247385172735637e+00
1.585422152542014018e+00
3.995090708548809655e+00
9.224598808002129058e-01
-9.977350916695606475e-01
4.100658253863571190e+00
-8.814100989621804771e+00
6.626610092328340862e+00
-6.915785852485736296e-01
4.380633823751552747e+00
-1.052280788666704048e+00
-2.188987696138464667e+00
-5.156866456629713547e+00
-3.530864745131971016e+00
-1.279318441424029729e+00
-2.830978633708729930e+00
1.171690398313774750e+00
4.245442863399492950e+00
3.046875867305485208e-01
1.516889596802329265e+00
-3.244145990759054854e+00
2.621645290790743377e-01
-1.224184199083564684e+00
1.395551117703716759e+00
1.608502844392943221e+00
-1.331409213151821591e+00
-3.538143902936416563e+00
-1.988192779789945019e+00
-2.832658997348587171e+00
3.993882201504261431e+00
5.120671850987942086e+00
-1.503372689590043887e+00
-7.103209534333858599e-01
-3.072940135925145810e+00
4.306106452008906516e+00
-5.755726327310499713e+00
-1.053051140979322753e+01
2.490773461974892800e-01
1.291310532467568883e+00
-3.255623901776398377e+00
-7.763957131284509927e+00
3.155228047450937545e+00
3.124734238729701463e+00
1.002906450585592779e+01
-6.365699763860902749e+00
-6.277082662187602580e+00
-4.498350348092854389e+00
1.614358661624581304e+00
-3.037971732803669944e+00
-5.108464547914008946e+00
-1.803605731242370336e+00
-9.763251227835691992e+00
9.888578976853247549e-02
4.237103331303887721e+00
-6.908581057270241743e+00
3.744760496324566756e-01
6.564807616877679219e-01
1.565771728957670028e+00
7.914125898640308465e-01
-1.114760681083114768e+00
1.153101007766485253e+01
5.041335563293673161e+00
6.770295371833644715e+00
5.819946911676639800e+00
-1.017700127654895859e+01
4.846197769540735223e+00
-4.137551269149989608e+00
6.294385215876824091e+00
3.654715222729734148e+00
-4.455458459664350390e-01
-2.960919116854657140e+00
-3.700238525168879633e+00
-1.605694844198984006e+00
-2.892787989793576209e+00
-1.404456879865323771e+01
2.548780469197647669e+00
-2.837612920882399692e+00
-5.291564868523478182e+00
4.650706846541291739e+00
-2.631395105672539980e+00
-3.456143105457726961e+00
-7.267597830443548457e-01
9.899616271461635364e-01
6.951266849301460660e+00
-1.428835527171171016e+01
-1.810629069762653920e+00
5.312740868429783880e+00
6.656647051443910890e+00
-5.816205754037125253e+00
-3.466032709486238872e+00
-1.128299875744054326e-02
3.626658209612320105e-01
3.693905628520105289e+00
3.354377991931207781e+00
-2.961259869380505338e-01
1.821407705431662638e+00
5.091902757528213641e+00
4.125971595232779121e-01
-3.868887222067461273e+00
6.486875140219444447e+00
-2.743513065909339854e+00
3.314752778989438209e-02
4.509715002020208807e+00
-5.155843427183802063e+00
-1.446058846084691485e+00
-3.367317152685589399e-02
6.558578843608448672e+00
7.939603896159143304e+00
-4.073646409675596658e+00
7.043996857719374560e+00
-3.623676724353790957e-01
-3.362441125295728916e+00
-1.833525404873878717e+00
8.434791706659771293e+00
8.087112180172166376e+00
9.904952992074893103e+00
-5.448763879445287728e+00
3.802003146357232133e+00
4.738571261272820578e+00
-7.748413385290133348e+00
2.600785845457197265e+00
-3.704011144095657571e+00
9.234429979158136348e+00
6.643060161157628762e+00
-3.685316514872666538e+00
