-1.286737154655191784e+00
3.087308604511185717e+00
5.357858543722557876e-01
1.962659932949358588e+00
-2.534847961502415536e-01
2.581049800959016594e+00
1.376816773508579839e-01
3.826299735589572037e+00
-2.157870098048692675e+00
-2.826615893506712496e+00
-6.516942888419483548e-01
1.475225898589471729e+00
2.795498450632901033e+00
2.179657966226054455e+00
2.859754357021435656e-01
-1.506159657091501458e+00
-2.354114718820442764e+00
1.238614183675668112e+00
5.214706729730658186e-01
-2.268171203344226949e+00
-2.167356046350598309e+00
1.137004743028860454e-01
-1.332885958567844309e+00
2.968171682448375037e-01
-1.426807320638517673e+00
5.509959707986435973e+00
3.236372338567217177e-03
-2.973883700207070380e+00
5.441595927522615561e-01
7.600527647382889995e+00
5.608994314313486385e+00
-4.015897587086312726e+00
1.628078486369862299e+00
1.123118427723189816e+00
2.188511352096205176e+00
9.624426388540328059e-01
-7.193778155533600560e-02
-2.695804412811822814e+00
3.073082583982824190e+00
-2.056627981814625361e+00
5.092898667692333792e-01
8.170469467726152457e-01
-2.091626955084616435e-01
5.402506954851185594e-02
-4.421531275664499772e-01
-1.073965764125573763e+00
-1.587972132594741126e+00
2.298506383703776912e+00
-3.097198721395486576e-01
6.911942208223500472e+00
-2.083322944011007039e+00
-4.136500563269864261e-01
-2.092050210904548457e+00
-1.861163123161471811e+00
-4.880640830051115486e+00
-3.705746066485658297e+00
5.082430580393277886e-01
6.331367811827375292e+00
-1.263926287188325448e+00
-2.511634989414666563e+00
-5.018599653292625362e+00
3.411686555691608724e+00
-1.673335210335885614e+00
-1.522003368430944414e+00
6.126293235905577728e-01
1.836939855389732035e+00
1.947391992853653164e+00
2.202707573269419683e+00
2.423010807992827254e-01
-1.183260126766068066e+00
-1.595499538954807006e+00
1.710685963554538169e+00
4.323759253547724057e+00
-2.726768709684641578e+00
7.562190993763634461e-01
4.869591101973696823e+00
-5.675184803631049490e+00
1.038359857682866205e-02
-1.349309405827295638e+00
-8.856531620154806106e-01
2.923752283848082278e+00
3.611368366905667315e+00
-4.640273183403442303e+00
-2.069313311501475461e+00
2.052085102791650351e-01
6.280753821085338195e+00
4.878379364976586530e+00
1.532482700091810868e+00
-2.527924599855578158e+00
3.031675920536443414e+00
-9.650479548801527141e-01
-1.976174153927746424e+00
1.007780040367875385e+00
2.078717521681919811e-01
-2.280094768848095477e+00
-3.735409848212886352e+00
4.773038952142283353e-01
3.638296682916156932e+00
-1.935874118814382205e+00
-3.809739530065106905e+00
-3.610795198033602826e+00
4.850194226025477562e+00
4.339833600034714856e+00
1.328321583148051044e+00
-3.776588335013442155e+00
3.684882233251833838e+00
-2.526914066834999417e+00
-2.551029170470306973e+00
1.759298162722639614e+00
2.938235712006038725e+00
-8.347058415052854841e-01
7.028684452583686681e-01
1.338826805522632668e+00
1.492814893888564143e+00
-1.245651208603131499e+00
3.995071299128260200e+00
3.332136391985032198e+00
-4.460665668091393421e+00
1.432304908461007553e+00
3.750620591919605840e+00
4.216558405115028663e+00
-8.272322997564669489e-01
-2.673548250178553687e+00
8.531104553501336341e-01
-1.307266334359583837e+00
-4.581250257751940946e-01
5.454372157488496242e-02
4.249005922811777136e-01
-6.841808843002654683e+00
-5.252368988774169800e-01
4.852185028032223180e+00
5.298361191742576359e+00
1.029867911470645492e-01
-3.919906241488668286e+00
-1.184901360746149379e+00
9.997261929433420846e-01
2.473367906998880650e-01
-3.322368339238078505e+00
7.988113849039885084e-01
7.386250357665246069e-01
-1.104465617810864164e-01
6.646270657028541251e-02
1.734956392701734185e+00
3.803507791593352394e+00
-3.843688555912075699e+00
3.825834663356054710e-01
7.722677921788452249e-01
-1.837476542633017740e+00
-1.126027551959273509e+00
3.242969493685377458e+00
-2.344690741573097092e+00
2.001092421043934699e+00
-4.090232038397337178e+00
-6.047604909015221963e+00
-5.279374895063037698e+00
-9.537915304551374263e-01
5.422653525584412826e+00
-3.529417284174375391e-01
1.916829504200485923e+00
-1.295397476017838279e-01
2.557274759111288986e+00
-8.319814224017746396e-01
-3.288649424671987731e+00
1.363570543826142234e-01
8.400863210309771345e-01
-1.196339067148172397e+00
-2.755946143842672669e+00
2.506541554869171851e+00
-4.753381254124652844e-01
-2.708046922001531964e+00
2.734980437967619249e+00
2.551221036939312903e+00
7.434273766097470038e-01
-8.520259200407886979e-01
2.136280700770201157e+00
-2.859050241709493179e+00
4.063964270074078122e+00
1.411035408791609047e+00
2.086233758119293014e-01
-3.875971800125970645e+00
4.214324025361827708e+00
-3.792893238019647839e+00
-3.074030655053852645e-01
-1.228944103177656233e+00
-2.637747370294753146e+00
2.854491260882380921e+00
1.903621436358646224e-01
-2.660841140059206023e+00
2.814120880546185921e-01
-2.026375874788936216e+00
-2.496445737847340141e+00
-3.648394115254660175e+00
2.190233195950047396e+00
7.107777945842579825e+00
7.039996551884311948e+00
3.729255164024722458e+00
-4.574022660044424482e-01
-5.409531882962523852e-01
-1.181148708399230252e+00
-1.557794931851790299e+00
3.028423870181409447e-02
-1.859231930763301399e+00
2.471538519125062727e-01
-8.196071152268880056e-01
-9.251659565835262944e-02
-1.434603370788276044e-02
1.243022949074113592e+00
-1.855982216868401480e-02
-3.416412506754375189e-02
1.537341193503406256e+00
-1.474616669581284123e+00
-3.580185819403586045e+00
5.293477996779704320e+00
3.609273055709036004e+00
-1.152082786820117777e+00
-2.985394582320660017e+00
1.112688075945573285e+00
9.397523030536252264e-01
-1.392701414702395724e+00
-2.030366705832278740e+00
1.175062773604505617e+00
-1.712728693180533668e+00
7.906141122992775827e-01
5.729900033913892798e-01
-7.270827988749882564e+00
2.554710962491092197e+00
5.607723756457199116e+00
-5.740851071718638954e-01
-2.807059775619735742e+00
-1.804994817035811216e+00
-4.216908870377655827e-01
1.084866448996972543e-01
1.411856477869220861e+00
9.274898423370394607e-01
4.231950998273763254e-02
1.115734372900285321e+00
1.362849119353767069e+00
-4.783970227854235091e+00
2.953233874318590857e+00
-2.738858988074870382e+00
5.847996448012287019e-01
-3.695270738745072947e+00
2.751915892992183199e+00
-1.627663244410415100e+00
1.515591232285550816e-01
-1.575889040994207679e+00
1.997748907888006187e+00
-4.308740547223825601e+00
-1.703977367499626583e+00
5.692366342482320096e-01
1.100008879473637124e+00
1.050274921282455587e+00
-3.133614525851049049e+00
1.277326501693209604e+00
-4.759866781719630957e+00
-4.731727346157857284e+00
4.535960705076266808e-02
-3.031403319356691384e-01
4.800943357659398281e+00
-8.450422673100021598e+00
8.065558880681562570e-01
3.481628828979034251e-01
-1.691461624766712912e+00
4.242899284885178091e+00
-5.747810340108983951e+00
